Test accuracy: 0.9866999983787537
Test Loss: 0.03843910992145538
Total Training Time: 114.02196455001831
Classification Report:
              precision    recall  f1-score   support

           0     0.9948    0.9847    0.9897       980
           1     0.9955    0.9850    0.9903      1135
           2     0.9960    0.9719    0.9838      1032
           3     0.9862    0.9941    0.9901      1010
           4     0.9869    0.9959    0.9914       982
           5     0.9746    0.9888    0.9816       892
           6     0.9774    0.9916    0.9845       958
           7     0.9669    0.9951    0.9808      1028
           8     0.9907    0.9887    0.9897       974
           9     0.9970    0.9722    0.9844      1009

    accuracy                         0.9867     10000
   macro avg     0.9866    0.9868    0.9866     10000
weighted avg     0.9869    0.9867    0.9867     10000

Confusion Matrix:
[[ 965    0    0    0    2    4    6    2    1    0]
 [   0 1118    0    0    0    5   10    2    0    0]
 [   2    2 1003    0    4    0    1   19    1    0]
 [   0    0    1 1004    0    3    0    2    0    0]
 [   0    0    0    0  978    0    3    0    0    1]
 [   0    0    0    6    0  882    1    1    2    0]
 [   2    0    0    0    1    4  950    0    1    0]
 [   0    2    0    1    0    0    0 1023    1    1]
 [   1    0    2    3    0    2    1    1  963    1]
 [   0    1    1    4    6    5    0    8    3  981]]