Test accuracy: 0.9847
Test Loss: 0.9847
Total Training Time: 99.3447802066803
Classification Report:
              precision    recall  f1-score   support

           0     0.9789    0.9959    0.9874       980
           1     0.9921    0.9930    0.9925      1135
           2     0.9670    0.9942    0.9804      1032
           3     0.9901    0.9861    0.9881      1010
           4     0.9751    0.9980    0.9864       982
           5     0.9779    0.9899    0.9838       892
           6     0.9947    0.9729    0.9836       958
           7     0.9843    0.9757    0.9800      1028
           8     0.9958    0.9733    0.9844       974
           9     0.9919    0.9673    0.9794      1009

    accuracy                         0.9847     10000
   macro avg     0.9848    0.9846    0.9846     10000
weighted avg     0.9849    0.9847    0.9847     10000

Confusion Matrix:
[[ 976    0    1    0    0    0    1    1    1    0]
 [   0 1127    2    1    1    1    1    2    0    0]
 [   2    2 1026    0    0    0    0    1    1    0]
 [   0    0    6  996    0    2    0    5    1    0]
 [   0    1    0    0  980    0    0    0    0    1]
 [   1    0    1    5    0  883    1    1    0    0]
 [   6    3    0    0   10    7  932    0    0    0]
 [   1    1   16    2    1    1    0 1003    0    3]
 [   7    0    7    0    3    1    2    2  948    4]
 [   4    2    2    2   10    8    0    4    1  976]]