Test accuracy: 0.9825
Test Loss: 0.9825
Total Training Time: 94.64156723022461
Classification Report:
              precision    recall  f1-score   support

           0     0.9702    0.9959    0.9829       980
           1     0.9861    0.9974    0.9917      1135
           2     0.9670    0.9952    0.9809      1032
           3     0.9709    0.9921    0.9814      1010
           4     0.9948    0.9807    0.9877       982
           5     0.9853    0.9742    0.9797       892
           6     0.9957    0.9781    0.9868       958
           7     0.9794    0.9718    0.9756      1028
           8     0.9926    0.9682    0.9802       974
           9     0.9859    0.9683    0.9770      1009

    accuracy                         0.9825     10000
   macro avg     0.9828    0.9822    0.9824     10000
weighted avg     0.9827    0.9825    0.9825     10000

Confusion Matrix:
[[ 976    0    1    0    0    0    1    1    1    0]
 [   0 1132    1    1    0    0    0    1    0    0]
 [   1    2 1027    1    0    0    0    1    0    0]
 [   1    0    4 1002    0    1    0    2    0    0]
 [   1    0    7    0  963    0    1    0    1    9]
 [   3    0    0   16    0  869    1    1    2    0]
 [   9    3    1    0    1    6  937    0    1    0]
 [   2    6   14    4    0    1    0  999    1    1]
 [   7    1    7    3    1    1    1    6  943    4]
 [   6    4    0    5    3    4    0    9    1  977]]