Test accuracy: 0.9855
Test Loss: 0.9855
Total Training Time: 88.82491278648376
Classification Report:
              precision    recall  f1-score   support

           0     0.9721    0.9949    0.9834       980
           1     0.9886    0.9947    0.9917      1135
           2     0.9865    0.9893    0.9879      1032
           3     0.9804    0.9921    0.9862      1010
           4     0.9918    0.9908    0.9913       982
           5     0.9799    0.9832    0.9815       892
           6     0.9947    0.9812    0.9879       958
           7     0.9816    0.9835    0.9825      1028
           8     0.9856    0.9805    0.9830       974
           9     0.9939    0.9633    0.9784      1009

    accuracy                         0.9855     10000
   macro avg     0.9855    0.9854    0.9854     10000
weighted avg     0.9856    0.9855    0.9855     10000

Confusion Matrix:
[[ 975    0    0    0    0    0    1    1    3    0]
 [   0 1129    2    2    0    0    1    1    0    0]
 [   4    2 1021    0    0    0    1    3    1    0]
 [   1    0    1 1002    0    3    0    2    1    0]
 [   1    0    0    0  973    0    1    1    1    5]
 [   2    0    0    9    0  877    1    1    2    0]
 [   6    2    0    0    1    7  940    0    2    0]
 [   1    3    8    3    0    1    0 1011    1    0]
 [   8    1    3    2    2    0    0    2  955    1]
 [   5    5    0    4    5    7    0    8    3  972]]