Test accuracy: 0.9879
Test Loss: 0.9879
Total Training Time: 15.972779989242554
Classification Report:
              precision    recall  f1-score   support

           0     0.9808    0.9918    0.9863       980
           1     0.9912    0.9956    0.9934      1135
           2     0.9884    0.9922    0.9903      1032
           3     0.9920    0.9842    0.9881      1010
           4     0.9929    0.9969    0.9949       982
           5     0.9768    0.9910    0.9839       892
           6     0.9979    0.9708    0.9841       958
           7     0.9771    0.9942    0.9855      1028
           8     0.9887    0.9867    0.9877       974
           9     0.9929    0.9742    0.9835      1009

    accuracy                         0.9879     10000
   macro avg     0.9879    0.9878    0.9878     10000
weighted avg     0.9880    0.9879    0.9879     10000

Confusion Matrix:
[[ 972    1    1    0    0    1    0    2    1    2]
 [   0 1130    2    0    0    0    1    1    1    0]
 [   1    1 1024    1    0    0    0    4    1    0]
 [   1    0    3  994    0    5    0    6    1    0]
 [   0    0    0    0  979    0    0    1    0    2]
 [   1    0    0    4    0  884    1    1    1    0]
 [  11    4    1    0    2    7  930    0    3    0]
 [   0    1    3    0    0    0    0 1022    1    1]
 [   3    0    2    1    2    1    0    2  961    2]
 [   2    3    0    2    3    7    0    7    2  983]]