Test accuracy: 0.9881
Test Loss: 0.9881
Total Training Time: 95.2511899471283
Classification Report:
              precision    recall  f1-score   support

           0     0.9858    0.9939    0.9898       980
           1     0.9921    0.9956    0.9938      1135
           2     0.9846    0.9893    0.9870      1032
           3     0.9775    0.9911    0.9843      1010
           4     0.9939    0.9949    0.9944       982
           5     0.9811    0.9888    0.9849       892
           6     0.9947    0.9864    0.9906       958
           7     0.9844    0.9815    0.9830      1028
           8     0.9958    0.9795    0.9876       974
           9     0.9910    0.9792    0.9850      1009

    accuracy                         0.9881     10000
   macro avg     0.9881    0.9880    0.9880     10000
weighted avg     0.9881    0.9881    0.9881     10000

Confusion Matrix:
[[ 974    0    2    0    0    1    1    2    0    0]
 [   0 1130    3    1    0    0    0    1    0    0]
 [   1    2 1021    2    1    0    0    5    0    0]
 [   0    0    2 1001    0    5    0    1    1    0]
 [   0    0    0    1  977    0    2    0    0    2]
 [   1    0    0    7    0  882    1    1    0    0]
 [   4    3    0    1    1    4  945    0    0    0]
 [   1    2    6    3    1    0    0 1009    1    5]
 [   5    0    3    4    1    2    1    2  954    2]
 [   2    2    0    4    2    5    0    4    2  988]]