Test accuracy: 0.9862
Test Loss: 0.9862
Total Training Time: 97.76974868774414
Classification Report:
              precision    recall  f1-score   support

           0     0.9809    0.9949    0.9878       980
           1     0.9938    0.9877    0.9907      1135
           2     0.9855    0.9903    0.9879      1032
           3     0.9785    0.9911    0.9848      1010
           4     0.9908    0.9878    0.9893       982
           5     0.9909    0.9798    0.9853       892
           6     0.9947    0.9802    0.9874       958
           7     0.9826    0.9864    0.9845      1028
           8     0.9786    0.9877    0.9831       974
           9     0.9860    0.9752    0.9806      1009

    accuracy                         0.9862     10000
   macro avg     0.9862    0.9861    0.9861     10000
weighted avg     0.9862    0.9862    0.9862     10000

Confusion Matrix:
[[ 975    0    0    0    1    0    1    2    1    0]
 [   0 1121    3    2    0    0    1    1    7    0]
 [   2    2 1022    1    0    0    0    4    1    0]
 [   1    0    2 1001    0    2    0    2    2    0]
 [   0    0    1    0  970    0    0    0    1   10]
 [   2    0    0   10    0  874    3    1    1    1]
 [   8    2    0    0    4    2  939    0    3    0]
 [   0    1    6    4    0    1    0 1014    0    2]
 [   4    0    2    1    2    0    0    2  962    1]
 [   2    2    1    4    2    3    0    6    5  984]]