Test accuracy: 0.9873
Test Loss: 0.9873
Total Training Time: 79.6125979423523
Classification Report:
              precision    recall  f1-score   support

           0     0.9919    0.9939    0.9929       980
           1     0.9956    0.9930    0.9943      1135
           2     0.9846    0.9922    0.9884      1032
           3     0.9672    0.9921    0.9795      1010
           4     0.9899    0.9939    0.9919       982
           5     0.9920    0.9697    0.9807       892
           6     0.9958    0.9896    0.9927       958
           7     0.9798    0.9893    0.9845      1028
           8     0.9827    0.9887    0.9857       974
           9     0.9949    0.9683    0.9814      1009

    accuracy                         0.9873     10000
   macro avg     0.9874    0.9871    0.9872     10000
weighted avg     0.9874    0.9873    0.9873     10000

Confusion Matrix:
[[ 974    0    1    0    0    0    1    2    2    0]
 [   0 1127    1    4    0    0    1    1    1    0]
 [   0    1 1024    0    1    0    0    4    2    0]
 [   1    0    3 1002    0    1    0    2    1    0]
 [   0    0    1    0  976    0    1    0    2    2]
 [   2    0    0   20    0  865    1    1    3    0]
 [   2    2    1    0    1    4  948    0    0    0]
 [   1    0    5    1    0    0    0 1017    2    2]
 [   2    0    2    2    1    0    0    3  963    1]
 [   0    2    2    7    7    2    0    8    4  977]]