Test accuracy: 0.9901000261306763
Test Loss: 0.0322284959256649
Total Training Time: 114.24545884132385
Classification Report:
              precision    recall  f1-score   support

           0     1.0000    0.9837    0.9918       980
           1     0.9938    0.9930    0.9934      1135
           2     0.9913    0.9961    0.9937      1032
           3     0.9970    0.9891    0.9930      1010
           4     0.9949    0.9908    0.9929       982
           5     0.9726    0.9966    0.9845       892
           6     0.9885    0.9885    0.9885       958
           7     0.9865    0.9961    0.9913      1028
           8     0.9817    0.9897    0.9857       974
           9     0.9930    0.9772    0.9850      1009

    accuracy                         0.9901     10000
   macro avg     0.9899    0.9901    0.9900     10000
weighted avg     0.9902    0.9901    0.9901     10000

Confusion Matrix:
[[ 964    0    3    0    2    1    5    2    3    0]
 [   0 1127    1    1    0    0    2    0    4    0]
 [   0    2 1028    0    0    0    0    2    0    0]
 [   0    0    0  999    0    8    0    3    0    0]
 [   0    0    1    0  973    0    3    1    1    3]
 [   0    0    0    1    0  889    1    0    0    1]
 [   0    1    0    0    1    8  947    0    1    0]
 [   0    2    1    0    0    0    0 1024    0    1]
 [   0    0    2    1    0    5    0    0  964    2]
 [   0    2    1    0    2    3    0    6    9  986]]