Test accuracy: 0.9908999800682068
Test Loss: 0.02792084962129593
Total Training Time: 115.08053708076477
Classification Report:
              precision    recall  f1-score   support

           0     0.9939    0.9908    0.9923       980
           1     0.9904    0.9974    0.9939      1135
           2     0.9932    0.9942    0.9937      1032
           3     0.9931    0.9921    0.9926      1010
           4     0.9919    0.9959    0.9939       982
           5     0.9833    0.9910    0.9872       892
           6     0.9927    0.9906    0.9916       958
           7     0.9799    0.9942    0.9870      1028
           8     0.9938    0.9908    0.9923       974
           9     0.9969    0.9713    0.9839      1009

    accuracy                         0.9909     10000
   macro avg     0.9909    0.9908    0.9908     10000
weighted avg     0.9909    0.9909    0.9909     10000

Confusion Matrix:
[[ 971    0    1    0    0    1    3    3    1    0]
 [   0 1132    1    0    0    0    0    2    0    0]
 [   1    1 1026    0    0    0    0    4    0    0]
 [   0    0    1 1002    0    3    0    3    1    0]
 [   0    1    0    0  978    0    2    0    0    1]
 [   1    0    0    3    0  884    1    1    1    1]
 [   1    2    0    0    1    5  949    0    0    0]
 [   0    2    3    1    0    0    0 1022    0    0]
 [   1    2    1    1    0    1    1    1  965    1]
 [   2    3    0    2    7    5    0    7    3  980]]