Test accuracy: 0.9855
Test Loss: 0.9855
Total Training Time: 98.21050333976746
Classification Report:
              precision    recall  f1-score   support

           0     0.9858    0.9918    0.9888       980
           1     0.9878    0.9965    0.9921      1135
           2     0.9790    0.9922    0.9856      1032
           3     0.9785    0.9921    0.9853      1010
           4     0.9840    0.9990    0.9914       982
           5     0.9909    0.9765    0.9836       892
           6     0.9885    0.9864    0.9875       958
           7     0.9768    0.9825    0.9796      1028
           8     0.9906    0.9723    0.9813       974
           9     0.9949    0.9633    0.9789      1009

    accuracy                         0.9855     10000
   macro avg     0.9857    0.9853    0.9854     10000
weighted avg     0.9856    0.9855    0.9855     10000

Confusion Matrix:
[[ 972    0    1    0    1    0    2    1    3    0]
 [   0 1131    2    1    0    0    0    1    0    0]
 [   1    2 1024    0    0    0    0    4    1    0]
 [   1    0    3 1002    0    0    0    3    1    0]
 [   0    0    0    0  981    0    0    0    0    1]
 [   2    0    1   11    0  871    4    1    1    1]
 [   4    2    1    0    4    2  945    0    0    0]
 [   0    5    9    2    0    1    0 1010    1    0]
 [   4    1    5    2    2    0    5    5  947    3]
 [   2    4    0    6    9    5    0    9    2  972]]