Test accuracy: 0.9843
Test Loss: 0.9843
Total Training Time: 96.22680115699768
Classification Report:
              precision    recall  f1-score   support

           0     0.9819    0.9959    0.9889       980
           1     0.9869    0.9974    0.9921      1135
           2     0.9817    0.9903    0.9860      1032
           3     0.9930    0.9782    0.9855      1010
           4     0.9742    0.9990    0.9864       982
           5     0.9767    0.9888    0.9827       892
           6     0.9926    0.9823    0.9874       958
           7     0.9722    0.9883    0.9802      1028
           8     0.9885    0.9671    0.9777       974
           9     0.9959    0.9544    0.9747      1009

    accuracy                         0.9843     10000
   macro avg     0.9844    0.9842    0.9842     10000
weighted avg     0.9844    0.9843    0.9843     10000

Confusion Matrix:
[[ 976    0    0    0    0    1    1    1    1    0]
 [   0 1132    2    0    0    0    0    1    0    0]
 [   2    2 1022    0    0    0    0    4    2    0]
 [   0    0    5  988    0    8    0    7    2    0]
 [   0    0    1    0  981    0    0    0    0    0]
 [   1    0    0    4    0  882    2    1    2    0]
 [   5    4    0    0    5    3  941    0    0    0]
 [   0    4    7    0    0    0    0 1016    1    0]
 [   7    1    4    1    3    2    4    6  942    4]
 [   3    4    0    2   18    7    0    9    3  963]]