Test accuracy: 0.9854
Test Loss: 0.9854
Total Training Time: 5.661408424377441
Classification Report:
              precision    recall  f1-score   support

           0     0.9799    0.9939    0.9868       980
           1     0.9895    0.9965    0.9930      1135
           2     0.9912    0.9855    0.9883      1032
           3     0.9862    0.9871    0.9866      1010
           4     0.9908    0.9919    0.9913       982
           5     0.9789    0.9888    0.9838       892
           6     0.9979    0.9802    0.9889       958
           7     0.9732    0.9883    0.9807      1028
           8     0.9764    0.9784    0.9774       974
           9     0.9898    0.9623    0.9759      1009

    accuracy                         0.9854     10000
   macro avg     0.9854    0.9853    0.9853     10000
weighted avg     0.9855    0.9854    0.9854     10000

Confusion Matrix:
[[ 974    0    0    0    0    1    1    1    3    0]
 [   0 1131    1    1    0    0    0    2    0    0]
 [   1    2 1017    1    0    0    0    7    4    0]
 [   0    0    3  997    0    4    0    3    3    0]
 [   1    0    0    0  974    0    0    0    2    5]
 [   1    0    0    5    0  882    1    1    1    1]
 [   7    3    0    1    1    5  939    0    2    0]
 [   0    3    3    2    0    0    0 1016    2    2]
 [   5    1    2    0    2    5    0    4  953    2]
 [   5    3    0    4    6    4    0   10    6  971]]