Test accuracy: 0.9849
Test Loss: 0.9849
Total Training Time: 77.64439463615417
Classification Report:
              precision    recall  f1-score   support

           0     0.9839    0.9959    0.9899       980
           1     0.9843    0.9974    0.9908      1135
           2     0.9762    0.9932    0.9846      1032
           3     0.9890    0.9832    0.9861      1010
           4     0.9948    0.9756    0.9851       982
           5     0.9843    0.9865    0.9854       892
           6     0.9937    0.9823    0.9879       958
           7     0.9805    0.9767    0.9786      1028
           8     0.9876    0.9784    0.9830       974
           9     0.9763    0.9782    0.9772      1009

    accuracy                         0.9849     10000
   macro avg     0.9851    0.9847    0.9849     10000
weighted avg     0.9850    0.9849    0.9849     10000

Confusion Matrix:
[[ 976    0    1    0    0    0    1    1    1    0]
 [   0 1132    3    0    0    0    0    0    0    0]
 [   1    3 1025    0    0    0    0    2    1    0]
 [   0    0    4  993    0    4    0    6    3    0]
 [   1    1    3    0  958    0    3    1    1   14]
 [   1    0    0    5    0  880    1    1    3    1]
 [   7    3    0    1    1    4  941    0    1    0]
 [   0    5   12    1    0    1    0 1004    1    4]
 [   5    0    2    1    2    1    1    4  953    5]
 [   1    6    0    3    2    4    0    5    1  987]]