Test accuracy: 0.985
Test Loss: 0.985
Total Training Time: 92.74084973335266
Classification Report:
              precision    recall  f1-score   support

           0     0.9858    0.9939    0.9898       980
           1     0.9869    0.9965    0.9917      1135
           2     0.9808    0.9893    0.9850      1032
           3     0.9766    0.9901    0.9833      1010
           4     0.9938    0.9847    0.9893       982
           5     0.9853    0.9776    0.9814       892
           6     0.9947    0.9802    0.9874       958
           7     0.9767    0.9767    0.9767      1028
           8     0.9876    0.9846    0.9861       974
           9     0.9830    0.9742    0.9786      1009

    accuracy                         0.9850     10000
   macro avg     0.9851    0.9848    0.9849     10000
weighted avg     0.9850    0.9850    0.9850     10000

Confusion Matrix:
[[ 974    1    0    0    0    0    1    1    2    1]
 [   0 1131    2    1    0    0    0    1    0    0]
 [   0    3 1021    1    0    0    0    6    1    0]
 [   0    0    1 1000    0    2    0    4    3    0]
 [   1    0    3    0  967    0    2    1    2    6]
 [   1    0    1   14    0  872    2    1    1    0]
 [   7    3    1    0    2    5  939    0    1    0]
 [   0    4    9    2    0    1    0 1004    1    7]
 [   4    0    2    1    1    2    0    2  959    3]
 [   1    4    1    5    3    3    0    8    1  983]]