Test accuracy: 0.9854
Test Loss: 0.9854
Total Training Time: 84.35791563987732
Classification Report:
              precision    recall  f1-score   support

           0     0.9789    0.9949    0.9868       980
           1     0.9878    0.9974    0.9925      1135
           2     0.9724    0.9913    0.9818      1032
           3     0.9823    0.9881    0.9852      1010
           4     0.9918    0.9868    0.9893       982
           5     0.9865    0.9843    0.9854       892
           6     0.9926    0.9854    0.9890       958
           7     0.9832    0.9698    0.9765      1028
           8     0.9896    0.9805    0.9850       974
           9     0.9899    0.9742    0.9820      1009

    accuracy                         0.9854     10000
   macro avg     0.9855    0.9853    0.9854     10000
weighted avg     0.9855    0.9854    0.9854     10000

Confusion Matrix:
[[ 975    0    1    0    0    1    1    2    0    0]
 [   0 1132    2    1    0    0    0    0    0    0]
 [   3    2 1023    1    1    0    0    1    1    0]
 [   0    0    3  998    0    4    0    3    2    0]
 [   1    0    0    0  969    0    2    1    2    7]
 [   1    0    1    6    0  878    3    1    2    0]
 [   5    3    0    1    2    3  944    0    0    0]
 [   1    6   16    5    0    0    0  997    2    1]
 [   6    0    5    0    2    1    1    2  955    2]
 [   4    3    1    4    3    3    0    7    1  983]]