Test accuracy: 0.9908000230789185
Test Loss: 0.029547177255153656
Total Training Time: 97.18572640419006
Classification Report:
              precision    recall  f1-score   support

           0     0.9969    0.9867    0.9918       980
           1     0.9861    1.0000    0.9930      1135
           2     0.9913    0.9922    0.9918      1032
           3     0.9892    0.9960    0.9926      1010
           4     0.9909    0.9980    0.9944       982
           5     0.9888    0.9865    0.9877       892
           6     0.9896    0.9927    0.9911       958
           7     0.9836    0.9903    0.9869      1028
           8     0.9990    0.9836    0.9912       974
           9     0.9940    0.9802    0.9870      1009

    accuracy                         0.9908     10000
   macro avg     0.9909    0.9906    0.9908     10000
weighted avg     0.9908    0.9908    0.9908     10000

Confusion Matrix:
[[ 967    2    0    0    1    1    6    3    0    0]
 [   0 1135    0    0    0    0    0    0    0    0]
 [   0    4 1024    0    1    0    0    3    0    0]
 [   0    0    1 1006    0    3    0    0    0    0]
 [   0    0    0    0  980    0    1    0    0    1]
 [   1    0    0    5    0  880    2    1    1    2]
 [   2    3    0    0    1    1  951    0    0    0]
 [   0    4    5    0    0    0    0 1018    0    1]
 [   0    1    3    4    0    2    1    3  958    2]
 [   0    2    0    2    6    3    0    7    0  989]]