Test accuracy: 0.9803
Test Loss: 0.9803
Total Training Time: 81.6227433681488
Classification Report:
              precision    recall  f1-score   support

           0     0.9760    0.9939    0.9848       980
           1     0.9852    0.9947    0.9899      1135
           2     0.9704    0.9835    0.9769      1032
           3     0.9688    0.9851    0.9769      1010
           4     0.9887    0.9817    0.9852       982
           5     0.9909    0.9753    0.9831       892
           6     0.9905    0.9833    0.9869       958
           7     0.9745    0.9679    0.9712      1028
           8     0.9833    0.9661    0.9746       974
           9     0.9770    0.9693    0.9731      1009

    accuracy                         0.9803     10000
   macro avg     0.9805    0.9801    0.9803     10000
weighted avg     0.9804    0.9803    0.9803     10000

Confusion Matrix:
[[ 974    1    1    0    0    1    1    1    1    0]
 [   0 1129    2    1    0    0    1    1    1    0]
 [   2    3 1015    4    2    0    0    5    1    0]
 [   1    0    3  995    0    3    0    6    2    0]
 [   1    0    2    1  964    0    2    1    2    9]
 [   1    1    1   12    0  870    2    1    3    1]
 [   8    3    0    0    1    1  942    0    3    0]
 [   1    5   17    2    0    0    0  995    2    6]
 [   6    0    5    5    3    0    3    4  941    7]
 [   4    4    0    7    5    3    0    7    1  978]]