Test accuracy: 0.9802
Test Loss: 0.9802
Total Training Time: 84.51727199554443
Classification Report:
              precision    recall  f1-score   support

           0     0.9711    0.9929    0.9818       980
           1     0.9869    0.9938    0.9903      1135
           2     0.9778    0.9816    0.9797      1032
           3     0.9851    0.9822    0.9836      1010
           4     0.9877    0.9786    0.9831       982
           5     0.9724    0.9865    0.9794       892
           6     0.9947    0.9739    0.9842       958
           7     0.9690    0.9728    0.9709      1028
           8     0.9864    0.9671    0.9767       974
           9     0.9713    0.9713    0.9713      1009

    accuracy                         0.9802     10000
   macro avg     0.9802    0.9801    0.9801     10000
weighted avg     0.9803    0.9802    0.9802     10000

Confusion Matrix:
[[ 973    0    2    0    0    1    1    1    2    0]
 [   0 1128    2    1    0    2    1    1    0    0]
 [   4    3 1013    1    1    0    0    8    2    0]
 [   1    0    2  992    0    3    0    7    2    3]
 [   1    0    1    0  961    0    2    2    2   13]
 [   1    0    0    8    0  880    1    1    1    0]
 [  11    3    0    0    3    8  933    0    0    0]
 [   1    4   13    1    0    0    0 1000    2    7]
 [   6    0    3    2    5    5    0    5  942    6]
 [   4    5    0    2    3    6    0    7    2  980]]