Test accuracy: 0.9799
Test Loss: 0.9799
Total Training Time: 92.31234741210938
Classification Report:
              precision    recall  f1-score   support

           0     0.9692    0.9949    0.9819       980
           1     0.9800    0.9938    0.9869      1135
           2     0.9750    0.9806    0.9778      1032
           3     0.9880    0.9743    0.9811      1010
           4     0.9818    0.9868    0.9843       982
           5     0.9788    0.9854    0.9821       892
           6     0.9833    0.9843    0.9838       958
           7     0.9764    0.9679    0.9722      1028
           8     0.9813    0.9692    0.9752       974
           9     0.9858    0.9613    0.9734      1009

    accuracy                         0.9799     10000
   macro avg     0.9800    0.9799    0.9799     10000
weighted avg     0.9800    0.9799    0.9799     10000

Confusion Matrix:
[[ 975    0    1    0    0    1    1    1    1    0]
 [   0 1128    3    1    0    1    1    1    0    0]
 [   5    4 1012    0    2    0    3    4    2    0]
 [   1    0    4  984    0    8    0    7    5    1]
 [   1    2    1    0  969    0    5    0    2    2]
 [   2    0    1    4    0  879    3    1    2    0]
 [   7    3    0    0    2    1  943    0    2    0]
 [   1    6   14    2    0    0    0  995    3    7]
 [   9    1    2    2    3    2    3    4  944    4]
 [   5    7    0    3   11    6    0    6    1  970]]