Test accuracy: 0.9791
Test Loss: 0.9791
Total Training Time: 5.014970741271973
Classification Report:
              precision    recall  f1-score   support

           0     0.9730    0.9939    0.9833       980
           1     0.9869    0.9930    0.9899      1135
           2     0.9731    0.9826    0.9778      1032
           3     0.9587    0.9881    0.9732      1010
           4     0.9818    0.9878    0.9848       982
           5     0.9830    0.9731    0.9780       892
           6     0.9936    0.9760    0.9847       958
           7     0.9654    0.9757    0.9705      1028
           8     0.9905    0.9589    0.9744       974
           9     0.9878    0.9594    0.9734      1009

    accuracy                         0.9791     10000
   macro avg     0.9794    0.9788    0.9790     10000
weighted avg     0.9793    0.9791    0.9791     10000

Confusion Matrix:
[[ 974    1    1    0    0    1    1    1    1    0]
 [   0 1127    4    1    0    0    1    2    0    0]
 [   3    1 1014    5    2    0    0    6    1    0]
 [   1    0    3  998    0    1    0    5    1    1]
 [   1    1    0    0  970    0    2    1    2    5]
 [   1    0    1   17    0  868    2    1    2    0]
 [   7    3    0    0    4    8  935    0    1    0]
 [   1    3   14    5    0    0    0 1003    1    1]
 [   7    1    5    8    4    2    0    8  934    5]
 [   6    5    0    7    8    3    0   12    0  968]]