Test accuracy: 0.9922999739646912
Test Loss: 0.02509578876197338
Total Training Time: 97.62692022323608
Classification Report:
              precision    recall  f1-score   support

           0     0.9949    0.9969    0.9959       980
           1     0.9956    0.9956    0.9956      1135
           2     0.9922    0.9922    0.9922      1032
           3     0.9891    0.9921    0.9906      1010
           4     0.9959    0.9959    0.9959       982
           5     0.9877    0.9877    0.9877       892
           6     0.9969    0.9948    0.9958       958
           7     0.9892    0.9835    0.9863      1028
           8     0.9939    0.9959    0.9949       974
           9     0.9871    0.9881    0.9876      1009

    accuracy                         0.9923     10000
   macro avg     0.9923    0.9923    0.9923     10000
weighted avg     0.9923    0.9923    0.9923     10000

Confusion Matrix:
[[ 977    0    0    0    0    0    1    2    0    0]
 [   0 1130    0    2    0    3    0    0    0    0]
 [   1    0 1024    1    0    0    0    5    1    0]
 [   0    0    3 1002    0    3    0    0    2    0]
 [   0    0    0    0  978    0    0    0    0    4]
 [   2    0    0    4    0  881    2    1    1    1]
 [   1    2    0    0    1    1  953    0    0    0]
 [   0    3    4    2    0    0    0 1011    1    7]
 [   1    0    0    1    0    1    0    0  970    1]
 [   0    0    1    1    3    3    0    3    1  997]]