Test accuracy: 0.9865
Test Loss: 0.9865
Total Training Time: 89.52043128013611
Classification Report:
              precision    recall  f1-score   support

           0     0.9839    0.9959    0.9899       980
           1     0.9912    0.9965    0.9938      1135
           2     0.9846    0.9913    0.9879      1032
           3     0.9862    0.9871    0.9866      1010
           4     0.9889    0.9959    0.9924       982
           5     0.9854    0.9843    0.9849       892
           6     0.9937    0.9823    0.9879       958
           7     0.9695    0.9893    0.9793      1028
           8     0.9886    0.9754    0.9819       974
           9     0.9939    0.9653    0.9794      1009

    accuracy                         0.9865     10000
   macro avg     0.9866    0.9863    0.9864     10000
weighted avg     0.9866    0.9865    0.9865     10000

Confusion Matrix:
[[ 976    0    1    0    0    0    1    1    1    0]
 [   0 1131    1    0    0    0    1    2    0    0]
 [   2    1 1023    1    0    0    0    4    1    0]
 [   0    0    2  997    0    3    0    6    2    0]
 [   0    0    0    0  978    0    0    1    2    1]
 [   1    0    1    7    0  878    2    1    1    1]
 [   8    2    0    0    2    3  941    0    2    0]
 [   0    1    7    1    0    1    0 1017    1    0]
 [   3    1    3    2    1    2    2    6  950    4]
 [   2    5    1    3    8    4    0   11    1  974]]