Test accuracy: 0.9882000088691711
Test Loss: 0.03586576133966446
Total Training Time: 85.84419655799866
Classification Report:
              precision    recall  f1-score   support

           0     0.9928    0.9908    0.9918       980
           1     0.9965    0.9894    0.9929      1135
           2     0.9951    0.9855    0.9903      1032
           3     0.9674    0.9980    0.9825      1010
           4     0.9949    0.9868    0.9908       982
           5     0.9943    0.9821    0.9882       892
           6     0.9937    0.9896    0.9916       958
           7     0.9931    0.9747    0.9838      1028
           8     0.9928    0.9867    0.9897       974
           9     0.9636    0.9980    0.9805      1009

    accuracy                         0.9882     10000
   macro avg     0.9884    0.9881    0.9882     10000
weighted avg     0.9884    0.9882    0.9882     10000

Confusion Matrix:
[[ 971    0    0    0    2    0    2    2    0    3]
 [   1 1123    1    5    0    0    3    0    2    0]
 [   1    0 1017    8    1    0    0    3    1    1]
 [   0    0    0 1008    0    2    0    0    0    0]
 [   0    0    0    0  969    0    0    0    1   12]
 [   2    0    0    9    0  876    1    0    1    3]
 [   3    2    0    0    2    1  948    0    2    0]
 [   0    2    3    8    0    0    0 1002    0   13]
 [   0    0    1    4    0    0    0    2  961    6]
 [   0    0    0    0    0    2    0    0    0 1007]]