Test accuracy: 0.9871000051498413
Test Loss: 0.03531704843044281
Total Training Time: 113.67447257041931
Classification Report:
              precision    recall  f1-score   support

           0     0.9908    0.9939    0.9924       980
           1     0.9895    0.9982    0.9939      1135
           2     0.9980    0.9690    0.9833      1032
           3     0.9673    0.9960    0.9815      1010
           4     0.9928    0.9847    0.9888       982
           5     0.9931    0.9731    0.9830       892
           6     0.9968    0.9885    0.9927       958
           7     0.9733    0.9942    0.9836      1028
           8     0.9907    0.9877    0.9892       974
           9     0.9812    0.9832    0.9822      1009

    accuracy                         0.9871     10000
   macro avg     0.9874    0.9868    0.9870     10000
weighted avg     0.9872    0.9871    0.9871     10000

Confusion Matrix:
[[ 974    1    0    1    0    0    1    3    0    0]
 [   0 1133    0    0    0    1    1    0    0    0]
 [   3    2 1000    7    1    0    0   19    0    0]
 [   0    0    1 1006    0    2    0    0    1    0]
 [   0    1    0    0  967    0    0    1    0   13]
 [   1    0    0   18    0  868    1    1    2    1]
 [   2    3    0    0    3    1  947    0    2    0]
 [   0    3    0    1    0    0    0 1022    1    1]
 [   3    0    1    1    0    0    0    3  962    4]
 [   0    2    0    6    3    2    0    1    3  992]]