Test accuracy: 0.9868999719619751
Test Loss: 0.04182959720492363
Total Training Time: 62.55354714393616
Classification Report:
              precision    recall  f1-score   support

           0     0.9859    0.9959    0.9909       980
           1     0.9895    0.9982    0.9939      1135
           2     0.9884    0.9903    0.9894      1032
           3     0.9786    0.9970    0.9877      1010
           4     0.9948    0.9695    0.9819       982
           5     0.9965    0.9686    0.9824       892
           6     0.9989    0.9760    0.9873       958
           7     0.9903    0.9893    0.9898      1028
           8     0.9856    0.9846    0.9851       974
           9     0.9635    0.9950    0.9790      1009

    accuracy                         0.9869     10000
   macro avg     0.9872    0.9864    0.9867     10000
weighted avg     0.9871    0.9869    0.9869     10000

Confusion Matrix:
[[ 976    1    1    0    0    0    0    1    1    0]
 [   0 1133    1    1    0    0    0    0    0    0]
 [   1    2 1022    1    0    0    0    5    1    0]
 [   0    0    1 1007    0    1    0    0    1    0]
 [   0    2    3    0  952    0    0    1    2   22]
 [   1    0    0   16    0  864    1    1    4    5]
 [   8    3    1    0    4    1  935    0    3    3]
 [   0    2    2    3    0    0    0 1017    0    4]
 [   4    2    2    1    0    0    0    2  959    4]
 [   0    0    1    0    1    1    0    0    2 1004]]