Test accuracy: 0.9894000291824341
Test Loss: 0.029665816575288773
Total Training Time: 113.96450138092041
Classification Report:
              precision    recall  f1-score   support

           0     0.9849    0.9980    0.9914       980
           1     0.9938    0.9965    0.9952      1135
           2     0.9942    0.9893    0.9917      1032
           3     0.9843    0.9941    0.9892      1010
           4     0.9909    0.9939    0.9924       982
           5     0.9865    0.9865    0.9865       892
           6     0.9896    0.9906    0.9901       958
           7     0.9817    0.9912    0.9864      1028
           8     0.9948    0.9825    0.9886       974
           9     0.9929    0.9703    0.9815      1009

    accuracy                         0.9894     10000
   macro avg     0.9894    0.9893    0.9893     10000
weighted avg     0.9894    0.9894    0.9894     10000

Confusion Matrix:
[[ 978    0    0    0    0    0    1    1    0    0]
 [   0 1131    1    1    0    0    1    1    0    0]
 [   1    0 1021    3    2    0    0    5    0    0]
 [   0    0    1 1004    0    4    0    0    1    0]
 [   0    0    0    0  976    0    3    0    0    3]
 [   1    0    0    7    0  880    2    1    0    1]
 [   4    2    0    0    1    2  949    0    0    0]
 [   0    2    3    2    0    0    0 1019    1    1]
 [   4    0    1    0    1    4    3    2  957    2]
 [   5    3    0    3    5    2    0    9    3  979]]