Test accuracy: 0.9818
Test Loss: 0.9818
Total Training Time: 5.1343010902404785
Classification Report:
              precision    recall  f1-score   support

           0     0.9731    0.9959    0.9844       980
           1     0.9835    0.9965    0.9899      1135
           2     0.9797    0.9826    0.9811      1032
           3     0.9794    0.9871    0.9832      1010
           4     0.9868    0.9929    0.9898       982
           5     0.9746    0.9877    0.9811       892
           6     0.9957    0.9770    0.9863       958
           7     0.9692    0.9805    0.9749      1028
           8     0.9915    0.9579    0.9744       974
           9     0.9857    0.9584    0.9719      1009

    accuracy                         0.9818     10000
   macro avg     0.9819    0.9816    0.9817     10000
weighted avg     0.9819    0.9818    0.9818     10000

Confusion Matrix:
[[ 976    0    1    0    0    0    1    1    1    0]
 [   0 1131    1    1    0    1    1    0    0    0]
 [   4    6 1014    1    0    0    0    6    1    0]
 [   0    0    4  997    0    3    0    4    2    0]
 [   1    0    0    0  975    0    0    2    1    3]
 [   2    0    0    6    0  881    1    1    1    0]
 [   9    2    0    0    3    8  936    0    0    0]
 [   0    4   10    3    0    0    0 1008    1    2]
 [   8    1    5    3    4    3    1    7  933    9]
 [   3    6    0    7    6    8    0   11    1  967]]