Test accuracy: 0.9833
Test Loss: 0.9833
Total Training Time: 85.9963891506195
Classification Report:
              precision    recall  f1-score   support

           0     0.9730    0.9939    0.9833       980
           1     0.9860    0.9947    0.9904      1135
           2     0.9817    0.9864    0.9841      1032
           3     0.9861    0.9842    0.9851      1010
           4     0.9878    0.9908    0.9893       982
           5     0.9671    0.9899    0.9784       892
           6     0.9947    0.9781    0.9863       958
           7     0.9795    0.9767    0.9781      1028
           8     0.9854    0.9733    0.9793       974
           9     0.9908    0.9643    0.9774      1009

    accuracy                         0.9833     10000
   macro avg     0.9832    0.9832    0.9832     10000
weighted avg     0.9834    0.9833    0.9833     10000

Confusion Matrix:
[[ 974    0    1    0    0    1    1    1    2    0]
 [   0 1129    2    1    0    2    0    0    1    0]
 [   4    2 1018    0    1    0    1    4    2    0]
 [   1    0    2  994    0    6    0    5    2    0]
 [   1    1    1    1  973    0    1    0    2    2]
 [   1    0    0    4    0  883    2    1    1    0]
 [   8    3    0    0    2    8  937    0    0    0]
 [   1    4   11    2    1    0    0 1004    2    3]
 [   6    1    2    3    2    5    0    3  948    4]
 [   5    5    0    3    6    8    0    7    2  973]]