Test accuracy: 0.9818
Test Loss: 0.9818
Total Training Time: 80.70816993713379
Classification Report:
              precision    recall  f1-score   support

           0     0.9770    0.9949    0.9858       980
           1     0.9912    0.9938    0.9925      1135
           2     0.9688    0.9913    0.9799      1032
           3     0.9756    0.9881    0.9818      1010
           4     0.9858    0.9898    0.9878       982
           5     0.9766    0.9832    0.9799       892
           6     0.9947    0.9739    0.9842       958
           7     0.9727    0.9708    0.9718      1028
           8     0.9916    0.9651    0.9781       974
           9     0.9848    0.9653    0.9750      1009

    accuracy                         0.9818     10000
   macro avg     0.9819    0.9816    0.9817     10000
weighted avg     0.9819    0.9818    0.9818     10000

Confusion Matrix:
[[ 975    0    1    0    0    2    1    1    0    0]
 [   0 1128    5    1    0    0    1    0    0    0]
 [   1    2 1023    1    0    0    0    4    1    0]
 [   0    0    3  998    0    1    0    5    2    1]
 [   1    0    1    0  972    0    1    2    2    3]
 [   2    0    1    9    0  877    1    1    1    0]
 [   7    3    0    1    6    8  933    0    0    0]
 [   1    2   16    3    0    1    0  998    1    6]
 [   7    0    4    4    3    4    1    6  940    5]
 [   4    3    2    6    5    5    0    9    1  974]]