Test accuracy: 0.9829
Test Loss: 0.9829
Total Training Time: 78.59323716163635
Classification Report:
              precision    recall  f1-score   support

           0     0.9799    0.9959    0.9879       980
           1     0.9886    0.9965    0.9925      1135
           2     0.9706    0.9932    0.9818      1032
           3     0.9718    0.9891    0.9804      1010
           4     0.9928    0.9857    0.9893       982
           5     0.9819    0.9753    0.9786       892
           6     0.9936    0.9791    0.9863       958
           7     0.9784    0.9708    0.9746      1028
           8     0.9814    0.9733    0.9773       974
           9     0.9909    0.9673    0.9789      1009

    accuracy                         0.9829     10000
   macro avg     0.9830    0.9826    0.9828     10000
weighted avg     0.9830    0.9829    0.9829     10000

Confusion Matrix:
[[ 976    0    0    0    0    1    1    1    1    0]
 [   0 1131    3    1    0    0    0    0    0    0]
 [   1    1 1025    1    0    0    0    3    1    0]
 [   0    0    2  999    0    2    0    5    2    0]
 [   1    1    2    1  968    0    1    2    2    4]
 [   2    0    1   14    0  870    2    1    2    0]
 [   8    3    0    1    1    6  938    0    1    0]
 [   1    4   18    2    0    1    0  998    1    3]
 [   6    1    5    3    2    0    2    5  948    2]
 [   1    3    0    6    4    6    0    5    8  976]]