Test accuracy: 0.9827
Test Loss: 0.9827
Total Training Time: 99.02097964286804
Classification Report:
              precision    recall  f1-score   support

           0     0.9760    0.9939    0.9848       980
           1     0.9784    0.9965    0.9873      1135
           2     0.9733    0.9884    0.9808      1032
           3     0.9794    0.9881    0.9837      1010
           4     0.9780    0.9949    0.9864       982
           5     0.9931    0.9742    0.9836       892
           6     0.9926    0.9843    0.9885       958
           7     0.9785    0.9718    0.9751      1028
           8     0.9906    0.9774    0.9840       974
           9     0.9908    0.9554    0.9728      1009

    accuracy                         0.9827     10000
   macro avg     0.9831    0.9825    0.9827     10000
weighted avg     0.9828    0.9827    0.9827     10000

Confusion Matrix:
[[ 974    2    0    0    0    1    1    1    1    0]
 [   0 1131    2    1    0    0    0    1    0    0]
 [   2    5 1020    0    1    0    1    2    1    0]
 [   1    0    5  998    0    2    0    3    1    0]
 [   0    0    1    0  977    0    0    1    0    3]
 [   2    0    1   13    0  869    3    1    2    1]
 [   8    3    0    0    3    1  943    0    0    0]
 [   1    6   15    2    1    0    0  999    1    3]
 [   5    1    3    3    2    0    1    5  952    2]
 [   5    8    1    2   15    2    1    8    3  964]]