Test accuracy: 0.9843
Test Loss: 0.9843
Total Training Time: 98.24777269363403
Classification Report:
              precision    recall  f1-score   support

           0     0.9898    0.9949    0.9924       980
           1     0.9912    0.9912    0.9912      1135
           2     0.9715    0.9913    0.9813      1032
           3     0.9795    0.9921    0.9857      1010
           4     0.9878    0.9929    0.9904       982
           5     0.9734    0.9854    0.9794       892
           6     0.9958    0.9802    0.9879       958
           7     0.9881    0.9669    0.9774      1028
           8     0.9746    0.9856    0.9801       974
           9     0.9908    0.9623    0.9764      1009

    accuracy                         0.9843     10000
   macro avg     0.9843    0.9843    0.9842     10000
weighted avg     0.9844    0.9843    0.9843     10000

Confusion Matrix:
[[ 975    0    1    0    0    1    0    2    1    0]
 [   0 1125    3    2    0    0    1    0    4    0]
 [   1    2 1023    1    1    0    0    2    2    0]
 [   0    0    3 1002    0    2    0    1    2    0]
 [   0    0    1    0  975    0    1    0    1    4]
 [   1    0    1    7    0  879    1    1    2    0]
 [   4    2    0    1    5    7  939    0    0    0]
 [   0    3   19    5    0    1    0  994    2    4]
 [   2    1    2    2    2    2    1    1  960    1]
 [   2    2    0    3    4   11    0    5   11  971]]