Test accuracy: 0.9786
Test Loss: 0.9786
Total Training Time: 4.857615566253662
Classification Report:
              precision    recall  f1-score   support

           0     0.9672    0.9929    0.9799       980
           1     0.9877    0.9921    0.9899      1135
           2     0.9720    0.9758    0.9739      1032
           3     0.9773    0.9812    0.9792      1010
           4     0.9908    0.9817    0.9862       982
           5     0.9777    0.9809    0.9793       892
           6     0.9864    0.9812    0.9838       958
           7     0.9634    0.9737    0.9686      1028
           8     0.9831    0.9569    0.9698       974
           9     0.9809    0.9683    0.9746      1009

    accuracy                         0.9786     10000
   macro avg     0.9786    0.9785    0.9785     10000
weighted avg     0.9787    0.9786    0.9786     10000

Confusion Matrix:
[[ 973    0    2    0    0    1    2    1    1    0]
 [   0 1126    2    2    0    0    2    1    2    0]
 [   4    1 1007    3    1    2    1   10    3    0]
 [   1    0    3  991    0    4    0    7    3    1]
 [   1    1    2    0  964    0    2    1    2    9]
 [   3    0    1    8    0  875    3    1    1    0]
 [   9    3    0    0    2    2  940    0    2    0]
 [   1    3   14    3    0    1    0 1001    1    4]
 [   9    1    5    3    3    6    3    7  932    5]
 [   5    5    0    4    3    4    0   10    1  977]]