Test accuracy: 0.9786
Test Loss: 0.9786
Total Training Time: 120.4693500995636
Classification Report:
              precision    recall  f1-score   support

           0     0.9653    0.9929    0.9789       980
           1     0.9834    0.9947    0.9890      1135
           2     0.9758    0.9767    0.9763      1032
           3     0.9831    0.9762    0.9796      1010
           4     0.9750    0.9919    0.9833       982
           5     0.9886    0.9753    0.9819       892
           6     0.9842    0.9770    0.9806       958
           7     0.9719    0.9747    0.9733      1028
           8     0.9752    0.9682    0.9717       974
           9     0.9847    0.9564    0.9703      1009

    accuracy                         0.9786     10000
   macro avg     0.9787    0.9784    0.9785     10000
weighted avg     0.9787    0.9786    0.9786     10000

Confusion Matrix:
[[ 973    0    2    0    0    0    2    1    2    0]
 [   0 1129    2    1    0    0    2    0    1    0]
 [   4    3 1008    1    3    1    4    7    1    0]
 [   1    0    4  986    0    4    0    8    5    2]
 [   1    1    0    0  974    0    2    0    2    2]
 [   3    1    1    8    0  870    3    1    5    0]
 [  10    3    0    0    5    2  936    0    2    0]
 [   1    4   12    1    0    0    0 1002    2    6]
 [   9    0    4    2    4    0    2    5  943    5]
 [   6    7    0    4   13    3    0    7    4  965]]