Test accuracy: 0.9775
Test Loss: 0.9775
Total Training Time: 108.38976216316223
Classification Report:
              precision    recall  f1-score   support

           0     0.9653    0.9939    0.9794       980
           1     0.9800    0.9947    0.9873      1135
           2     0.9711    0.9777    0.9744      1032
           3     0.9753    0.9792    0.9773      1010
           4     0.9917    0.9776    0.9846       982
           5     0.9765    0.9776    0.9770       892
           6     0.9915    0.9739    0.9826       958
           7     0.9708    0.9689    0.9698      1028
           8     0.9863    0.9610    0.9735       974
           9     0.9683    0.9683    0.9683      1009

    accuracy                         0.9775     10000
   macro avg     0.9777    0.9773    0.9774     10000
weighted avg     0.9776    0.9775    0.9775     10000

Confusion Matrix:
[[ 974    0    2    0    0    1    1    1    1    0]
 [   0 1129    3    2    0    1    0    0    0    0]
 [   5    5 1009    3    0    0    1    8    1    0]
 [   1    0    4  989    0    4    0    7    3    2]
 [   1    2    0    0  960    0    2    1    2   14]
 [   4    1    0    8    0  872    2    1    2    2]
 [   9    3    1    1    3    6  933    0    2    0]
 [   1    5   16    2    0    0    0  996    1    7]
 [   9    1    4    4    2    3    2    6  936    7]
 [   5    6    0    5    3    6    0    6    1  977]]