Test accuracy: 0.9777
Test Loss: 0.9777
Total Training Time: 84.57781958580017
Classification Report:
              precision    recall  f1-score   support

           0     0.9740    0.9929    0.9833       980
           1     0.9868    0.9903    0.9886      1135
           2     0.9656    0.9806    0.9731      1032
           3     0.9782    0.9762    0.9772      1010
           4     0.9906    0.9684    0.9794       982
           5     0.9734    0.9843    0.9788       892
           6     0.9843    0.9823    0.9833       958
           7     0.9746    0.9689    0.9717      1028
           8     0.9781    0.9651    0.9716       974
           9     0.9711    0.9673    0.9692      1009

    accuracy                         0.9777     10000
   macro avg     0.9777    0.9776    0.9776     10000
weighted avg     0.9778    0.9777    0.9777     10000

Confusion Matrix:
[[ 973    0    2    0    0    1    1    1    2    0]
 [   0 1124    4    2    0    1    2    0    2    0]
 [   3    2 1012    2    2    2    1    6    2    0]
 [   0    0    6  986    0    5    0    7    5    1]
 [   1    1    2    0  951    0    7    2    2   16]
 [   2    0    1    6    0  878    2    1    2    0]
 [   7    3    1    0    2    3  941    0    1    0]
 [   1    3   15    2    0    1    0  996    3    7]
 [   8    0    4    5    2    5    2    3  940    5]
 [   4    6    1    5    3    6    0    6    2  976]]