Test accuracy: 0.9773
Test Loss: 0.9773
Total Training Time: 81.98352885246277
Classification Report:
              precision    recall  f1-score   support

           0     0.9701    0.9929    0.9813       980
           1     0.9843    0.9956    0.9899      1135
           2     0.9748    0.9738    0.9743      1032
           3     0.9679    0.9842    0.9759      1010
           4     0.9917    0.9705    0.9810       982
           5     0.9820    0.9787    0.9803       892
           6     0.9823    0.9833    0.9828       958
           7     0.9727    0.9708    0.9718      1028
           8     0.9841    0.9528    0.9682       974
           9     0.9645    0.9683    0.9664      1009

    accuracy                         0.9773     10000
   macro avg     0.9774    0.9771    0.9772     10000
weighted avg     0.9774    0.9773    0.9773     10000

Confusion Matrix:
[[ 973    0    2    0    0    0    2    1    2    0]
 [   0 1130    2    2    0    0    0    0    1    0]
 [   5    2 1005    6    1    1    2    7    3    0]
 [   0    0    3  994    0    5    0    4    2    2]
 [   1    2    2    0  953    0    7    1    2   14]
 [   3    0    0    8    0  873    3    1    3    1]
 [   8    3    0    1    1    3  942    0    0    0]
 [   1    4   11    3    0    0    0  998    2    9]
 [   7    1    6    5    3    2    3    9  928   10]
 [   5    6    0    8    3    5    0    5    0  977]]