Test accuracy: 0.9797
Test Loss: 0.9797
Total Training Time: 79.37177753448486
Classification Report:
              precision    recall  f1-score   support

           0     0.9837    0.9857    0.9847       980
           1     0.9885    0.9877    0.9881      1135
           2     0.9740    0.9787    0.9763      1032
           3     0.9850    0.9743    0.9796      1010
           4     0.9917    0.9786    0.9851       982
           5     0.9692    0.9865    0.9778       892
           6     0.9864    0.9823    0.9843       958
           7     0.9699    0.9728    0.9713      1028
           8     0.9744    0.9784    0.9764       974
           9     0.9732    0.9722    0.9727      1009

    accuracy                         0.9797     10000
   macro avg     0.9796    0.9797    0.9796     10000
weighted avg     0.9797    0.9797    0.9797     10000

Confusion Matrix:
[[ 966    0    3    0    0    0    5    1    3    2]
 [   0 1121    3    1    0    2    2    0    6    0]
 [   2    3 1010    1    1    1    1   11    2    0]
 [   0    0    4  984    0    9    0    6    5    2]
 [   1    0    2    0  961    0    2    2    2   12]
 [   1    0    1    5    0  880    2    1    2    0]
 [   5    3    0    0    2    5  941    0    2    0]
 [   1    3   11    3    0    1    0 1000    2    7]
 [   4    0    2    2    2    2    1    4  953    4]
 [   2    4    1    3    3    8    0    6    1  981]]