Test accuracy: 0.9785
Test Loss: 0.9785
Total Training Time: 4.9664475536346436
Classification Report:
              precision    recall  f1-score   support

           0     0.9778    0.9908    0.9843       980
           1     0.9877    0.9930    0.9903      1135
           2     0.9823    0.9671    0.9746      1032
           3     0.9623    0.9851    0.9736      1010
           4     0.9887    0.9837    0.9862       982
           5     0.9701    0.9821    0.9760       892
           6     0.9843    0.9812    0.9827       958
           7     0.9708    0.9689    0.9698      1028
           8     0.9782    0.9682    0.9732       974
           9     0.9818    0.9643    0.9730      1009

    accuracy                         0.9785     10000
   macro avg     0.9784    0.9784    0.9784     10000
weighted avg     0.9786    0.9785    0.9785     10000

Confusion Matrix:
[[ 971    0    2    0    0    0    3    1    3    0]
 [   0 1127    2    2    0    2    2    0    0    0]
 [   3    2  998    7    2    2    2   10    6    0]
 [   0    0    2  995    0    5    0    7    1    0]
 [   1    1    1    1  966    0    3    1    2    6]
 [   1    0    0   10    0  876    3    1    1    0]
 [   6    3    0    0    2    5  940    0    2    0]
 [   1    4   11    5    0    1    0  996    2    8]
 [   5    0    0    7    3    5    2    5  943    4]
 [   5    4    0    7    4    7    0    5    4  973]]