Test accuracy: 0.9794
Test Loss: 0.9794
Total Training Time: 92.09930057525635
Classification Report:
              precision    recall  f1-score   support

           0     0.9720    0.9929    0.9823       980
           1     0.9843    0.9938    0.9890      1135
           2     0.9712    0.9816    0.9764      1032
           3     0.9762    0.9762    0.9762      1010
           4     0.9878    0.9857    0.9867       982
           5     0.9799    0.9821    0.9810       892
           6     0.9884    0.9823    0.9853       958
           7     0.9783    0.9630    0.9706      1028
           8     0.9773    0.9733    0.9753       974
           9     0.9788    0.9623    0.9705      1009

    accuracy                         0.9794     10000
   macro avg     0.9794    0.9793    0.9793     10000
weighted avg     0.9794    0.9794    0.9794     10000

Confusion Matrix:
[[ 973    0    2    0    0    1    1    1    2    0]
 [   0 1128    3    2    0    0    1    0    1    0]
 [   5    3 1013    2    1    0    1    5    2    0]
 [   1    0    3  986    0    5    0    7    6    2]
 [   1    1    1    0  968    0    3    1    2    5]
 [   2    0    0    8    0  876    3    1    1    1]
 [   7    3    0    0    1    4  941    0    2    0]
 [   1    4   18    3    0    1    0  990    2    9]
 [   7    0    3    4    4    0    2    2  948    4]
 [   4    7    0    5    6    7    0    5    4  971]]