Test accuracy: 0.9853
Test Loss: 0.9853
Total Training Time: 93.85329866409302
Classification Report:
              precision    recall  f1-score   support

           0     0.9848    0.9949    0.9898       980
           1     0.9886    0.9947    0.9917      1135
           2     0.9743    0.9903    0.9822      1032
           3     0.9871    0.9881    0.9876      1010
           4     0.9849    0.9939    0.9894       982
           5     0.9844    0.9877    0.9860       892
           6     0.9906    0.9854    0.9880       958
           7     0.9795    0.9757    0.9776      1028
           8     0.9885    0.9743    0.9814       974
           9     0.9909    0.9673    0.9789      1009

    accuracy                         0.9853     10000
   macro avg     0.9854    0.9852    0.9853     10000
weighted avg     0.9853    0.9853    0.9853     10000

Confusion Matrix:
[[ 975    1    0    0    0    0    3    1    0    0]
 [   0 1129    2    1    0    0    1    0    2    0]
 [   2    2 1022    0    1    0    0    4    1    0]
 [   0    0    4  998    0    3    0    3    2    0]
 [   0    0    1    1  976    0    2    0    0    2]
 [   2    0    0    5    0  881    2    1    1    0]
 [   5    3    0    0    2    3  944    0    1    0]
 [   0    4   14    2    0    1    0 1003    0    4]
 [   4    1    6    1    4    2    1    3  949    3]
 [   2    2    0    3    8    5    0    9    4  976]]