Test accuracy: 0.9855
Test Loss: 0.9855
Total Training Time: 85.80260896682739
Classification Report:
              precision    recall  f1-score   support

           0     0.9780    0.9959    0.9869       980
           1     0.9930    0.9938    0.9934      1135
           2     0.9827    0.9913    0.9870      1032
           3     0.9766    0.9911    0.9838      1010
           4     0.9858    0.9929    0.9893       982
           5     0.9855    0.9877    0.9866       892
           6     0.9947    0.9823    0.9884       958
           7     0.9834    0.9776    0.9805      1028
           8     0.9835    0.9815    0.9825       974
           9     0.9918    0.9604    0.9758      1009

    accuracy                         0.9855     10000
   macro avg     0.9855    0.9854    0.9854     10000
weighted avg     0.9856    0.9855    0.9855     10000

Confusion Matrix:
[[ 976    0    1    0    0    0    1    1    1    0]
 [   0 1128    3    1    0    0    1    1    1    0]
 [   3    1 1023    1    1    0    0    2    1    0]
 [   1    0    2 1001    0    2    0    2    2    0]
 [   1    0    0    1  975    0    1    0    1    3]
 [   1    0    0    7    0  881    1    1    1    0]
 [   6    3    0    0    2    4  941    0    2    0]
 [   0    1   11    7    0    0    0 1005    1    3]
 [   5    1    1    3    2    1    1    2  956    2]
 [   5    2    0    4    9    6    0    8    6  969]]