Test accuracy: 0.9866999983787537
Test Loss: 0.037772297859191895
Total Training Time: 97.88540554046631
Classification Report:
              precision    recall  f1-score   support

           0     0.9849    0.9959    0.9904       980
           1     0.9956    0.9921    0.9938      1135
           2     0.9893    0.9884    0.9889      1032
           3     0.9563    0.9970    0.9762      1010
           4     0.9948    0.9817    0.9882       982
           5     0.9876    0.9798    0.9837       892
           6     0.9947    0.9823    0.9884       958
           7     0.9912    0.9883    0.9898      1028
           8     0.9927    0.9805    0.9866       974
           9     0.9811    0.9792    0.9802      1009

    accuracy                         0.9867     10000
   macro avg     0.9868    0.9865    0.9866     10000
weighted avg     0.9869    0.9867    0.9867     10000

Confusion Matrix:
[[ 976    0    0    0    0    0    1    1    2    0]
 [   0 1126    1    6    0    0    1    0    1    0]
 [   1    0 1020    8    1    0    0    2    0    0]
 [   0    0    1 1007    0    2    0    0    0    0]
 [   0    0    2    0  964    0    2    1    1   12]
 [   0    0    0   16    0  874    1    1    0    0]
 [   8    2    0    1    1    4  941    0    1    0]
 [   0    2    5    2    0    0    0 1016    1    2]
 [   2    0    2    6    0    2    0    2  955    5]
 [   4    1    0    7    3    3    0    2    1  988]]