Test accuracy: 0.9904000163078308
Test Loss: 0.03279856964945793
Total Training Time: 119.41929459571838
Classification Report:
              precision    recall  f1-score   support

           0     0.9959    0.9929    0.9944       980
           1     0.9913    1.0000    0.9956      1135
           2     0.9980    0.9874    0.9927      1032
           3     0.9814    0.9931    0.9872      1010
           4     0.9899    0.9959    0.9929       982
           5     0.9910    0.9843    0.9876       892
           6     0.9968    0.9906    0.9937       958
           7     0.9743    0.9961    0.9851      1028
           8     0.9979    0.9815    0.9896       974
           9     0.9890    0.9802    0.9846      1009

    accuracy                         0.9904     10000
   macro avg     0.9906    0.9902    0.9903     10000
weighted avg     0.9905    0.9904    0.9904     10000

Confusion Matrix:
[[ 973    1    0    1    2    0    0    3    0    0]
 [   0 1135    0    0    0    0    0    0    0    0]
 [   1    2 1019    0    0    0    1    9    0    0]
 [   0    1    1 1003    0    2    0    2    1    0]
 [   0    0    0    0  978    0    0    0    0    4]
 [   0    0    0   12    0  878    1    1    0    0]
 [   2    3    0    0    1    2  949    0    1    0]
 [   0    2    0    0    0    0    0 1024    0    2]
 [   1    0    1    5    1    1    0    4  956    5]
 [   0    1    0    1    6    3    1    8    0  989]]