Test accuracy: 0.9842
Test Loss: 0.9842
Total Training Time: 81.65815663337708
Classification Report:
              precision    recall  f1-score   support

           0     0.9722    0.9980    0.9849       980
           1     0.9818    0.9991    0.9904      1135
           2     0.9882    0.9777    0.9830      1032
           3     0.9728    0.9921    0.9824      1010
           4     0.9939    0.9888    0.9913       982
           5     0.9864    0.9787    0.9826       892
           6     0.9947    0.9812    0.9879       958
           7     0.9730    0.9815    0.9772      1028
           8     0.9917    0.9764    0.9840       974
           9     0.9898    0.9663    0.9779      1009

    accuracy                         0.9842     10000
   macro avg     0.9845    0.9840    0.9842     10000
weighted avg     0.9843    0.9842    0.9842     10000

Confusion Matrix:
[[ 978    1    0    0    0    0    0    1    0    0]
 [   0 1134    1    0    0    0    0    0    0    0]
 [   4    5 1009    3    1    0    0    8    2    0]
 [   1    0    3 1002    0    2    0    1    1    0]
 [   1    0    1    1  971    0    1    2    1    4]
 [   3    0    0   13    0  873    1    1    1    0]
 [   9    3    0    0    1    5  940    0    0    0]
 [   2    6    4    3    0    1    0 1009    1    2]
 [   4    1    3    2    2    0    3    4  951    4]
 [   4    5    0    6    2    4    0   11    2  975]]