Test accuracy: 0.987
Test Loss: 0.987
Total Training Time: 95.7860381603241
Classification Report:
              precision    recall  f1-score   support

           0     0.9769    0.9939    0.9853       980
           1     0.9895    0.9991    0.9943      1135
           2     0.9855    0.9913    0.9884      1032
           3     0.9901    0.9871    0.9886      1010
           4     0.9919    0.9969    0.9944       982
           5     0.9767    0.9877    0.9822       892
           6     0.9947    0.9843    0.9895       958
           7     0.9863    0.9786    0.9824      1028
           8     0.9886    0.9795    0.9840       974
           9     0.9889    0.9703    0.9795      1009

    accuracy                         0.9870     10000
   macro avg     0.9869    0.9869    0.9869     10000
weighted avg     0.9870    0.9870    0.9870     10000

Confusion Matrix:
[[ 974    0    0    0    0    0    2    1    3    0]
 [   0 1134    0    0    0    1    0    0    0    0]
 [   4    2 1023    0    0    0    0    2    1    0]
 [   1    0    3  997    0    3    0    3    2    1]
 [   0    0    0    0  979    0    0    0    0    3]
 [   2    0    0    5    0  881    2    1    1    0]
 [   5    2    0    0    1    7  943    0    0    0]
 [   0    4   10    1    0    0    0 1006    2    5]
 [   5    1    2    2    2    3    1    2  954    2]
 [   6    3    0    2    5    7    0    5    2  979]]