Test accuracy: 0.9839
Test Loss: 0.9839
Total Training Time: 88.63396978378296
Classification Report:
              precision    recall  f1-score   support

           0     0.9731    0.9959    0.9844       980
           1     0.9810    0.9991    0.9900      1135
           2     0.9874    0.9855    0.9864      1032
           3     0.9852    0.9871    0.9862      1010
           4     0.9839    0.9939    0.9889       982
           5     0.9767    0.9865    0.9816       892
           6     0.9979    0.9739    0.9857       958
           7     0.9731    0.9835    0.9782      1028
           8     0.9916    0.9743    0.9829       974
           9     0.9908    0.9574    0.9738      1009

    accuracy                         0.9839     10000
   macro avg     0.9840    0.9837    0.9838     10000
weighted avg     0.9840    0.9839    0.9839     10000

Confusion Matrix:
[[ 976    2    0    0    0    0    0    1    1    0]
 [   0 1134    0    0    0    1    0    0    0    0]
 [   2    4 1017    1    1    0    0    6    1    0]
 [   0    0    2  997    0    3    0    6    2    0]
 [   1    0    2    0  976    0    0    0    0    3]
 [   2    0    0    8    0  880    1    1    0    0]
 [  10    4    0    0    3    7  933    0    1    0]
 [   1    5    5    2    1    0    0 1011    1    2]
 [   6    1    4    0    2    2    1    5  949    4]
 [   5    6    0    4    9    8    0    9    2  966]]