Test accuracy: 0.9909999966621399
Test Loss: 0.030758310109376907
Total Training Time: 114.50147867202759
Classification Report:
              precision    recall  f1-score   support

           0     0.9899    0.9959    0.9929       980
           1     0.9956    0.9974    0.9965      1135
           2     0.9990    0.9864    0.9927      1032
           3     0.9815    0.9970    0.9892      1010
           4     0.9969    0.9908    0.9939       982
           5     0.9899    0.9854    0.9876       892
           6     0.9916    0.9916    0.9916       958
           7     0.9808    0.9942    0.9874      1028
           8     0.9959    0.9856    0.9907       974
           9     0.9890    0.9841    0.9866      1009

    accuracy                         0.9910     10000
   macro avg     0.9910    0.9909    0.9909     10000
weighted avg     0.9910    0.9910    0.9910     10000

Confusion Matrix:
[[ 976    0    0    0    0    0    3    1    0    0]
 [   0 1132    0    1    0    1    0    1    0    0]
 [   2    0 1018    5    0    0    0    7    0    0]
 [   0    0    0 1007    0    3    0    0    0    0]
 [   0    0    0    0  973    0    1    1    0    7]
 [   2    0    0    7    0  879    1    1    1    1]
 [   2    2    0    1    1    1  950    0    1    0]
 [   0    1    1    1    0    1    0 1022    0    2]
 [   4    1    0    3    0    0    3    2  960    1]
 [   0    1    0    1    2    3    0    7    2  993]]