Test accuracy: 0.9884999990463257
Test Loss: 0.03864005580544472
Total Training Time: 114.698983669281
Classification Report:
              precision    recall  f1-score   support

           0     0.9899    0.9990    0.9944       980
           1     0.9947    0.9930    0.9938      1135
           2     0.9913    0.9913    0.9913      1032
           3     0.9646    0.9990    0.9815      1010
           4     0.9909    0.9929    0.9919       982
           5     0.9931    0.9675    0.9801       892
           6     0.9989    0.9781    0.9884       958
           7     0.9817    0.9942    0.9879      1028
           8     0.9897    0.9825    0.9861       974
           9     0.9920    0.9841    0.9881      1009

    accuracy                         0.9885     10000
   macro avg     0.9887    0.9882    0.9883     10000
weighted avg     0.9886    0.9885    0.9885     10000

Confusion Matrix:
[[ 979    0    0    0    0    0    0    1    0    0]
 [   0 1127    1    3    0    0    0    4    0    0]
 [   0    0 1023    0    2    0    0    6    1    0]
 [   0    0    1 1009    0    0    0    0    0    0]
 [   0    0    1    0  975    0    0    1    0    5]
 [   1    0    1   22    0  863    1    1    1    2]
 [   6    4    2    0    2    3  937    0    4    0]
 [   0    1    1    3    1    0    0 1022    0    0]
 [   2    1    2    7    1    1    0    2  957    1]
 [   1    0    0    2    3    2    0    4    4  993]]