Test accuracy: 0.9856
Test Loss: 0.9856
Total Training Time: 98.09654879570007
Classification Report:
              precision    recall  f1-score   support

           0     0.9819    0.9959    0.9889       980
           1     0.9827    0.9982    0.9904      1135
           2     0.9799    0.9932    0.9865      1032
           3     0.9833    0.9911    0.9872      1010
           4     0.9722    0.9980    0.9849       982
           5     0.9954    0.9709    0.9830       892
           6     0.9958    0.9885    0.9921       958
           7     0.9796    0.9796    0.9796      1028
           8     0.9937    0.9764    0.9850       974
           9     0.9949    0.9613    0.9778      1009

    accuracy                         0.9856     10000
   macro avg     0.9859    0.9853    0.9855     10000
weighted avg     0.9857    0.9856    0.9856     10000

Confusion Matrix:
[[ 976    0    0    0    1    0    1    1    1    0]
 [   0 1133    1    0    0    0    1    0    0    0]
 [   2    3 1025    0    1    0    0    1    0    0]
 [   1    0    4 1001    0    1    0    3    0    0]
 [   0    0    0    0  980    0    0    0    0    2]
 [   2    0    2   15    1  866    2    1    2    1]
 [   2    2    0    0    6    1  947    0    0    0]
 [   1    9   10    1    0    0    0 1007    0    0]
 [   5    2    3    0    6    0    0    5  951    2]
 [   5    4    1    1   13    2    0   10    3  970]]