Test accuracy: 0.985
Test Loss: 0.985
Total Training Time: 26.044949054718018
Classification Report:
              precision    recall  f1-score   support

           0     0.9809    0.9969    0.9889       980
           1     0.9887    0.9991    0.9939      1135
           2     0.9846    0.9893    0.9870      1032
           3     0.9843    0.9931    0.9887      1010
           4     0.9732    0.9969    0.9849       982
           5     0.9703    0.9888    0.9795       892
           6     0.9957    0.9749    0.9852       958
           7     0.9873    0.9835    0.9854      1028
           8     0.9866    0.9795    0.9830       974
           9     0.9979    0.9465    0.9715      1009

    accuracy                         0.9850     10000
   macro avg     0.9849    0.9849    0.9848     10000
weighted avg     0.9851    0.9850    0.9850     10000

Confusion Matrix:
[[ 977    0    0    0    0    0    2    1    0    0]
 [   0 1134    0    0    0    0    1    0    0    0]
 [   2    4 1021    1    1    0    0    3    0    0]
 [   1    0    1 1003    0    3    0    1    1    0]
 [   1    0    1    0  979    0    0    0    0    1]
 [   1    0    1    6    0  882    1    1    0    0]
 [   5    2    0    0   11    6  934    0    0    0]
 [   0    5    7    3    0    1    0 1011    1    0]
 [   3    0    4    2    1    6    0    3  954    1]
 [   6    2    2    4   14   11    0    4   11  955]]