Test accuracy: 0.9864
Test Loss: 0.9864
Total Training Time: 97.3848717212677
Classification Report:
              precision    recall  f1-score   support

           0     0.9829    0.9959    0.9894       980
           1     0.9861    0.9974    0.9917      1135
           2     0.9817    0.9893    0.9855      1032
           3     0.9776    0.9960    0.9868      1010
           4     0.9888    0.9919    0.9903       982
           5     0.9854    0.9843    0.9849       892
           6     0.9937    0.9802    0.9869       958
           7     0.9862    0.9767    0.9814      1028
           8     1.0000    0.9702    0.9849       974
           9     0.9831    0.9802    0.9816      1009

    accuracy                         0.9864     10000
   macro avg     0.9866    0.9862    0.9863     10000
weighted avg     0.9865    0.9864    0.9864     10000

Confusion Matrix:
[[ 976    0    1    0    0    0    1    1    0    1]
 [   0 1132    1    1    0    0    1    0    0    0]
 [   3    4 1021    1    1    0    0    2    0    0]
 [   0    1    3 1006    0    0    0    0    0    0]
 [   0    0    1    1  974    0    0    0    0    6]
 [   1    0    0   11    0  878    1    0    0    1]
 [   8    2    0    1    4    4  939    0    0    0]
 [   0    7    9    3    0    0    0 1004    0    5]
 [   4    0    3    3    2    4    3    6  945    4]
 [   1    2    1    2    4    5    0    5    0  989]]