Test accuracy: 0.9842
Test Loss: 0.9842
Total Training Time: 82.80177450180054
Classification Report:
              precision    recall  f1-score   support

           0     0.9741    0.9980    0.9859       980
           1     0.9852    0.9991    0.9921      1135
           2     0.9597    0.9922    0.9757      1032
           3     0.9804    0.9901    0.9852      1010
           4     0.9899    0.9939    0.9919       982
           5     0.9767    0.9877    0.9822       892
           6     0.9989    0.9791    0.9889       958
           7     0.9909    0.9504    0.9702      1028
           8     0.9958    0.9815    0.9886       974
           9     0.9929    0.9693    0.9809      1009

    accuracy                         0.9842     10000
   macro avg     0.9845    0.9841    0.9842     10000
weighted avg     0.9844    0.9842    0.9842     10000

Confusion Matrix:
[[ 978    0    0    0    0    0    0    1    1    0]
 [   0 1134    1    0    0    0    0    0    0    0]
 [   3    4 1024    0    0    0    0    1    0    0]
 [   0    0    5 1000    0    3    0    0    2    0]
 [   0    1    1    0  976    0    0    0    0    4]
 [   3    0    1    5    0  881    1    1    0    0]
 [   7    2    0    1    1    9  938    0    0    0]
 [   1    5   33   10    0    1    0  977    0    1]
 [   6    0    2    3    2    1    0    2  956    2]
 [   6    5    0    1    7    7    0    4    1  978]]