Test accuracy: 0.9828
Test Loss: 0.9828
Total Training Time: 95.65006494522095
Classification Report:
              precision    recall  f1-score   support

           0     0.9789    0.9929    0.9858       980
           1     0.9852    0.9956    0.9904      1135
           2     0.9806    0.9816    0.9811      1032
           3     0.9812    0.9842    0.9827      1010
           4     0.9858    0.9888    0.9873       982
           5     0.9921    0.9821    0.9870       892
           6     0.9916    0.9854    0.9885       958
           7     0.9664    0.9796    0.9729      1028
           8     0.9864    0.9682    0.9772       974
           9     0.9819    0.9683    0.9750      1009

    accuracy                         0.9828     10000
   macro avg     0.9830    0.9826    0.9828     10000
weighted avg     0.9828    0.9828    0.9828     10000

Confusion Matrix:
[[ 973    0    2    0    0    0    2    1    2    0]
 [   0 1130    2    1    0    0    1    1    0    0]
 [   3    2 1013    1    1    0    0   11    1    0]
 [   0    0    3  994    0    2    0    7    3    1]
 [   1    1    1    0  971    0    2    1    2    3]
 [   1    0    0    9    0  876    2    1    2    1]
 [   6    3    0    0    1    2  944    0    2    0]
 [   1    4    9    1    0    0    0 1007    1    5]
 [   5    1    3    2    4    1    1    6  943    8]
 [   4    6    0    5    8    2    0    7    0  977]]