Test accuracy: 0.9826
Test Loss: 0.9826
Total Training Time: 92.42685532569885
Classification Report:
              precision    recall  f1-score   support

           0     0.9740    0.9939    0.9838       980
           1     0.9885    0.9868    0.9877      1135
           2     0.9798    0.9855    0.9826      1032
           3     0.9871    0.9832    0.9851      1010
           4     0.9848    0.9929    0.9888       982
           5     0.9800    0.9865    0.9832       892
           6     0.9905    0.9770    0.9837       958
           7     0.9786    0.9786    0.9786      1028
           8     0.9764    0.9764    0.9764       974
           9     0.9858    0.9653    0.9755      1009

    accuracy                         0.9826     10000
   macro avg     0.9825    0.9826    0.9825     10000
weighted avg     0.9826    0.9826    0.9826     10000

Confusion Matrix:
[[ 974    0    2    0    0    0    2    1    1    0]
 [   0 1120    4    1    0    0    2    1    7    0]
 [   3    2 1017    0    2    0    1    5    1    1]
 [   0    0    4  993    0    5    0    5    3    0]
 [   1    0    0    0  975    0    1    0    2    3]
 [   2    0    0    5    0  880    3    1    1    0]
 [   8    4    0    0    3    5  936    0    2    0]
 [   1    2    8    2    0    1    0 1006    3    5]
 [   7    0    3    1    3    2    0    2  951    5]
 [   4    5    0    4    7    5    0    7    3  974]]