Test accuracy: 0.9824
Test Loss: 0.9824
Total Training Time: 5.116724891662598
Classification Report:
              precision    recall  f1-score   support

           0     0.9749    0.9929    0.9838       980
           1     0.9861    0.9965    0.9912      1135
           2     0.9825    0.9787    0.9806      1032
           3     0.9803    0.9832    0.9817      1010
           4     0.9898    0.9908    0.9903       982
           5     0.9767    0.9888    0.9827       892
           6     0.9957    0.9760    0.9858       958
           7     0.9682    0.9776    0.9729      1028
           8     0.9824    0.9733    0.9778       974
           9     0.9878    0.9653    0.9764      1009

    accuracy                         0.9824     10000
   macro avg     0.9824    0.9823    0.9823     10000
weighted avg     0.9825    0.9824    0.9824     10000

Confusion Matrix:
[[ 973    0    2    0    0    2    1    1    1    0]
 [   0 1131    2    1    0    0    0    1    0    0]
 [   4    3 1010    3    0    1    1    8    2    0]
 [   1    0    2  993    0    5    0    6    2    1]
 [   1    0    0    0  973    0    1    2    2    3]
 [   2    0    0    5    0  882    1    1    1    0]
 [   8    3    0    1    2    6  935    0    3    0]
 [   1    4    9    2    0    0    0 1005    2    5]
 [   5    1    3    4    3    2    0    5  948    3]
 [   3    5    0    4    5    5    0    9    4  974]]