Test accuracy: 0.983
Test Loss: 0.983
Total Training Time: 78.1055383682251
Classification Report:
              precision    recall  f1-score   support

           0     0.9789    0.9929    0.9858       980
           1     0.9877    0.9938    0.9908      1135
           2     0.9808    0.9884    0.9846      1032
           3     0.9840    0.9772    0.9806      1010
           4     0.9908    0.9857    0.9883       982
           5     0.9799    0.9843    0.9821       892
           6     0.9853    0.9823    0.9838       958
           7     0.9757    0.9767    0.9762      1028
           8     0.9776    0.9836    0.9806       974
           9     0.9888    0.9643    0.9764      1009

    accuracy                         0.9830     10000
   macro avg     0.9830    0.9829    0.9829     10000
weighted avg     0.9830    0.9830    0.9830     10000

Confusion Matrix:
[[ 973    1    1    0    0    1    2    1    1    0]
 [   0 1128    3    1    0    0    2    1    0    0]
 [   2    1 1020    0    0    0    0    5    4    0]
 [   1    0    2  987    0    8    0    7    5    0]
 [   1    1    0    0  968    0    6    2    2    2]
 [   2    0    1    5    0  878    3    1    2    0]
 [   5    3    0    0    3    4  941    0    2    0]
 [   1    3   11    2    0    0    0 1004    2    5]
 [   3    0    2    2    2    0    1    2  958    4]
 [   6    5    0    6    4    5    0    6    4  973]]