Test accuracy: 0.9878
Test Loss: 0.9878
Total Training Time: 100.39026546478271
Classification Report:
              precision    recall  f1-score   support

           0     0.9799    0.9969    0.9884       980
           1     0.9938    0.9956    0.9947      1135
           2     0.9753    0.9932    0.9842      1032
           3     0.9901    0.9861    0.9881      1010
           4     0.9929    0.9908    0.9918       982
           5     0.9877    0.9877    0.9877       892
           6     0.9968    0.9812    0.9890       958
           7     0.9892    0.9776    0.9834      1028
           8     0.9836    0.9836    0.9836       974
           9     0.9890    0.9841    0.9866      1009

    accuracy                         0.9878     10000
   macro avg     0.9878    0.9877    0.9877     10000
weighted avg     0.9879    0.9878    0.9878     10000

Confusion Matrix:
[[ 977    0    0    0    0    0    0    1    2    0]
 [   0 1130    4    1    0    0    0    0    0    0]
 [   3    0 1025    0    1    0    0    2    1    0]
 [   0    0    5  996    0    5    0    1    3    0]
 [   0    0    1    0  973    0    2    0    2    4]
 [   3    0    0    4    0  881    1    1    1    1]
 [   7    2    0    0    2    5  940    0    2    0]
 [   1    2   11    3    0    0    0 1005    2    4]
 [   3    0    5    1    1    0    0    4  958    2]
 [   3    3    0    1    3    1    0    2    3  993]]