Test accuracy: 0.9887
Test Loss: 0.9887
Total Training Time: 99.13909697532654
Classification Report:
              precision    recall  f1-score   support

           0     0.9849    0.9969    0.9909       980
           1     0.9886    0.9956    0.9921      1135
           2     0.9836    0.9893    0.9865      1032
           3     0.9930    0.9832    0.9881      1010
           4     0.9899    0.9969    0.9934       982
           5     0.9899    0.9843    0.9871       892
           6     0.9979    0.9864    0.9921       958
           7     0.9816    0.9874    0.9845      1028
           8     0.9907    0.9856    0.9882       974
           9     0.9880    0.9802    0.9841      1009

    accuracy                         0.9887     10000
   macro avg     0.9888    0.9886    0.9887     10000
weighted avg     0.9887    0.9887    0.9887     10000

Confusion Matrix:
[[ 977    0    1    0    0    0    1    1    0    0]
 [   0 1130    2    1    0    1    0    1    0    0]
 [   0    2 1021    0    0    0    0    8    1    0]
 [   0    1    7  993    0    4    0    3    2    0]
 [   0    0    1    0  979    0    0    0    0    2]
 [   2    0    0    5    0  878    1    1    2    3]
 [   4    2    0    0    2    3  945    0    2    0]
 [   0    4    3    0    1    0    0 1015    1    4]
 [   5    0    3    0    1    0    0    2  960    3]
 [   4    4    0    1    6    1    0    3    1  989]]