Test accuracy: 0.9867
Test Loss: 0.9867
Total Training Time: 16.295713186264038
Classification Report:
              precision    recall  f1-score   support

           0     0.9819    0.9959    0.9889       980
           1     0.9887    0.9982    0.9934      1135
           2     0.9912    0.9864    0.9888      1032
           3     0.9920    0.9871    0.9896      1010
           4     0.9829    0.9969    0.9899       982
           5     0.9704    0.9933    0.9817       892
           6     0.9968    0.9843    0.9905       958
           7     0.9788    0.9893    0.9840      1028
           8     0.9866    0.9836    0.9851       974
           9     0.9969    0.9514    0.9736      1009

    accuracy                         0.9867     10000
   macro avg     0.9866    0.9867    0.9866     10000
weighted avg     0.9868    0.9867    0.9867     10000

Confusion Matrix:
[[ 976    0    2    0    0    0    1    1    0    0]
 [   0 1133    0    0    0    1    0    1    0    0]
 [   2    2 1018    0    2    0    0    8    0    0]
 [   1    0    1  997    0    5    0    4    2    0]
 [   0    0    0    0  979    0    1    0    1    1]
 [   1    0    0    3    0  886    1    1    0    0]
 [   4    2    1    0    1    6  943    0    1    0]
 [   1    3    4    0    0    1    0 1017    1    1]
 [   4    2    1    2    1    2    0    3  958    1]
 [   5    4    0    3   13   12    0    4    8  960]]