Test accuracy: 0.9908000230789185
Test Loss: 0.029174774885177612
Total Training Time: 113.35085153579712
Classification Report:
              precision    recall  f1-score   support

           0     0.9909    0.9980    0.9944       980
           1     0.9947    0.9956    0.9952      1135
           2     0.9971    0.9913    0.9942      1032
           3     0.9941    0.9931    0.9936      1010
           4     0.9969    0.9929    0.9949       982
           5     0.9866    0.9877    0.9871       892
           6     0.9916    0.9885    0.9901       958
           7     0.9892    0.9835    0.9863      1028
           8     0.9788    0.9959    0.9873       974
           9     0.9870    0.9812    0.9841      1009

    accuracy                         0.9908     10000
   macro avg     0.9907    0.9907    0.9907     10000
weighted avg     0.9908    0.9908    0.9908     10000

Confusion Matrix:
[[ 978    0    0    0    0    0    0    1    1    0]
 [   0 1130    0    2    0    2    1    0    0    0]
 [   1    1 1023    0    0    0    1    5    1    0]
 [   0    0    1 1003    0    3    0    2    1    0]
 [   0    0    0    0  975    0    4    0    0    3]
 [   2    0    0    3    0  881    1    1    2    2]
 [   3    2    0    0    1    3  947    0    2    0]
 [   0    3    2    0    1    0    0 1011    4    7]
 [   3    0    0    0    0    0    0    0  970    1]
 [   0    0    0    1    1    4    1    2   10  990]]