Test accuracy: 0.9848
Test Loss: 0.9848
Total Training Time: 95.84693670272827
Classification Report:
              precision    recall  f1-score   support

           0     0.9799    0.9959    0.9879       980
           1     0.9912    0.9974    0.9943      1135
           2     0.9688    0.9942    0.9813      1032
           3     0.9823    0.9871    0.9847      1010
           4     0.9879    0.9959    0.9919       982
           5     0.9822    0.9877    0.9849       892
           6     0.9958    0.9843    0.9900       958
           7     0.9802    0.9640    0.9720      1028
           8     0.9886    0.9764    0.9824       974
           9     0.9918    0.9643    0.9779      1009

    accuracy                         0.9848     10000
   macro avg     0.9849    0.9847    0.9847     10000
weighted avg     0.9849    0.9848    0.9848     10000

Confusion Matrix:
[[ 976    1    0    0    0    0    1    1    1    0]
 [   0 1132    2    0    0    0    1    0    0    0]
 [   2    1 1026    0    0    0    0    2    1    0]
 [   1    0    2  997    0    2    0    6    2    0]
 [   0    0    0    0  978    0    0    0    1    3]
 [   1    0    0    7    0  881    1    1    1    0]
 [   6    2    0    0    1    6  943    0    0    0]
 [   1    3   24    5    0    0    0  991    1    3]
 [   6    0    4    3    2    2    1    3  951    2]
 [   3    3    1    3    9    6    0    7    4  973]]