Test accuracy: 0.9866
Test Loss: 0.9866
Total Training Time: 95.47305226325989
Classification Report:
              precision    recall  f1-score   support

           0     0.9780    0.9969    0.9874       980
           1     0.9861    0.9982    0.9921      1135
           2     0.9912    0.9855    0.9883      1032
           3     0.9920    0.9861    0.9891      1010
           4     0.9839    0.9949    0.9894       982
           5     0.9778    0.9888    0.9833       892
           6     0.9979    0.9770    0.9873       958
           7     0.9797    0.9835    0.9816      1028
           8     0.9886    0.9836    0.9861       974
           9     0.9909    0.9703    0.9805      1009

    accuracy                         0.9866     10000
   macro avg     0.9866    0.9865    0.9865     10000
weighted avg     0.9867    0.9866    0.9866     10000

Confusion Matrix:
[[ 977    1    0    0    0    0    1    1    0    0]
 [   0 1133    0    0    0    0    0    2    0    0]
 [   4    4 1017    0    0    0    0    4    3    0]
 [   1    0    2  996    0    4    0    5    2    0]
 [   1    0    0    0  977    0    0    0    1    3]
 [   3    0    0    4    0  882    1    1    1    0]
 [   6    3    0    0    7    5  936    0    1    0]
 [   1    3    5    2    0    1    0 1011    1    4]
 [   5    1    1    1    2    1    0    3  958    2]
 [   1    4    1    1    7    9    0    5    2  979]]