Test accuracy: 0.9849
Test Loss: 0.9849
Total Training Time: 12.06299877166748
Classification Report:
              precision    recall  f1-score   support

           0     0.9809    0.9939    0.9873       980
           1     0.9886    0.9974    0.9930      1135
           2     0.9716    0.9942    0.9828      1032
           3     0.9852    0.9881    0.9867      1010
           4     0.9869    0.9959    0.9914       982
           5     0.9843    0.9843    0.9843       892
           6     0.9937    0.9823    0.9879       958
           7     0.9860    0.9621    0.9739      1028
           8     0.9855    0.9774    0.9814       974
           9     0.9869    0.9722    0.9795      1009

    accuracy                         0.9849     10000
   macro avg     0.9850    0.9848    0.9848     10000
weighted avg     0.9849    0.9849    0.9849     10000

Confusion Matrix:
[[ 974    0    0    0    0    0    2    1    3    0]
 [   0 1132    2    0    0    0    1    0    0    0]
 [   1    2 1026    0    1    0    0    1    1    0]
 [   1    0    3  998    0    3    0    2    2    1]
 [   0    0    1    0  978    0    0    0    0    3]
 [   2    0    0    8    0  878    1    1    2    0]
 [   7    2    0    1    3    2  941    0    2    0]
 [   1    5   22    4    0    1    0  989    2    4]
 [   5    1    2    0    2    1    2    4  952    5]
 [   2    3    0    2    7    7    0    5    2  981]]