Test accuracy: 0.985
Test Loss: 0.985
Total Training Time: 87.65801739692688
Classification Report:
              precision    recall  f1-score   support

           0     0.9779    0.9949    0.9863       980
           1     0.9878    0.9956    0.9917      1135
           2     0.9808    0.9884    0.9846      1032
           3     0.9891    0.9861    0.9876      1010
           4     0.9908    0.9919    0.9913       982
           5     0.9777    0.9843    0.9810       892
           6     0.9926    0.9791    0.9858       958
           7     0.9786    0.9767    0.9776      1028
           8     0.9845    0.9784    0.9815       974
           9     0.9899    0.9732    0.9815      1009

    accuracy                         0.9850     10000
   macro avg     0.9850    0.9849    0.9849     10000
weighted avg     0.9850    0.9850    0.9850     10000

Confusion Matrix:
[[ 975    0    0    0    0    1    2    1    1    0]
 [   0 1130    2    1    0    0    1    1    0    0]
 [   3    2 1020    0    0    0    0    5    2    0]
 [   1    0    2  996    0    3    0    5    3    0]
 [   1    0    1    0  974    0    1    1    1    3]
 [   2    0    1    6    0  878    2    1    2    0]
 [   9    2    0    0    1    7  938    0    1    0]
 [   0    6   11    1    0    1    0 1004    1    4]
 [   4    0    3    1    2    3    1    4  953    3]
 [   2    4    0    2    6    5    0    4    4  982]]