Test accuracy: 0.9901999831199646
Test Loss: 0.031438130885362625
Total Training Time: 99.69071173667908
Classification Report:
              precision    recall  f1-score   support

           0     0.9839    0.9969    0.9904       980
           1     0.9938    0.9938    0.9938      1135
           2     0.9904    0.9961    0.9932      1032
           3     0.9901    0.9911    0.9906      1010
           4     0.9908    0.9919    0.9913       982
           5     0.9921    0.9843    0.9882       892
           6     0.9968    0.9875    0.9921       958
           7     0.9932    0.9874    0.9902      1028
           8     0.9837    0.9938    0.9888       974
           9     0.9870    0.9782    0.9826      1009

    accuracy                         0.9902     10000
   macro avg     0.9902    0.9901    0.9901     10000
weighted avg     0.9902    0.9902    0.9902     10000

Confusion Matrix:
[[ 977    1    0    0    0    0    0    1    1    0]
 [   0 1128    2    1    1    0    1    1    1    0]
 [   0    0 1028    1    2    0    0    1    0    0]
 [   0    0    1 1001    0    4    0    2    2    0]
 [   0    0    0    0  974    0    1    0    1    6]
 [   3    0    0    5    0  878    1    0    2    3]
 [   6    2    0    1    1    2  946    0    0    0]
 [   1    2    4    2    0    0    0 1015    1    3]
 [   2    0    2    0    1    0    0    0  968    1]
 [   4    2    1    0    4    1    0    2    8  987]]