Test accuracy: 0.9868000149726868
Test Loss: 0.03999298810958862
Total Training Time: 119.75471758842468
Classification Report:
              precision    recall  f1-score   support

           0     0.9790    0.9969    0.9879       980
           1     0.9861    1.0000    0.9930      1135
           2     0.9960    0.9738    0.9848      1032
           3     0.9940    0.9832    0.9886      1010
           4     0.9909    0.9939    0.9924       982
           5     0.9887    0.9821    0.9854       892
           6     0.9979    0.9812    0.9895       958
           7     0.9685    0.9864    0.9773      1028
           8     0.9787    0.9918    0.9852       974
           9     0.9900    0.9772    0.9835      1009

    accuracy                         0.9868     10000
   macro avg     0.9870    0.9866    0.9868     10000
weighted avg     0.9869    0.9868    0.9868     10000

Confusion Matrix:
[[ 977    0    0    0    0    0    0    2    1    0]
 [   0 1135    0    0    0    0    0    0    0    0]
 [   2    4 1005    0    2    0    0   17    2    0]
 [   1    0    2  993    0    4    0    4    6    0]
 [   0    1    0    0  976    0    0    1    1    3]
 [   2    0    0    6    0  876    2    1    5    0]
 [   8    4    0    0    1    2  940    0    3    0]
 [   0    6    1    0    0    0    0 1014    1    6]
 [   5    1    1    0    0    0    0    0  966    1]
 [   3    0    0    0    6    4    0    8    2  986]]