Test accuracy: 0.9908000230789185
Test Loss: 0.026210982352495193
Total Training Time: 119.45422625541687
Classification Report:
              precision    recall  f1-score   support

           0     0.9929    0.9939    0.9934       980
           1     0.9913    0.9982    0.9947      1135
           2     0.9961    0.9874    0.9917      1032
           3     0.9911    0.9941    0.9926      1010
           4     0.9878    0.9898    0.9888       982
           5     0.9944    0.9910    0.9927       892
           6     0.9937    0.9875    0.9906       958
           7     0.9846    0.9942    0.9894      1028
           8     0.9917    0.9867    0.9892       974
           9     0.9851    0.9841    0.9846      1009

    accuracy                         0.9908     10000
   macro avg     0.9909    0.9907    0.9908     10000
weighted avg     0.9908    0.9908    0.9908     10000

Confusion Matrix:
[[ 974    0    0    0    1    0    2    1    1    1]
 [   0 1133    0    1    0    0    1    0    0    0]
 [   1    4 1019    2    0    0    0    6    0    0]
 [   0    0    0 1004    0    3    0    2    1    0]
 [   0    0    1    0  972    0    0    1    0    8]
 [   1    0    0    3    0  884    1    1    1    1]
 [   3    2    0    0    5    1  946    0    1    0]
 [   0    2    0    0    1    0    0 1022    2    1]
 [   2    0    2    2    0    1    2    0  961    4]
 [   0    2    1    1    5    0    0    5    2  993]]