Test accuracy: 0.9897000193595886
Test Loss: 0.03508209064602852
Total Training Time: 101.38615417480469
Classification Report:
              precision    recall  f1-score   support

           0     0.9939    0.9949    0.9944       980
           1     0.9768    1.0000    0.9882      1135
           2     0.9932    0.9922    0.9927      1032
           3     0.9931    0.9921    0.9926      1010
           4     0.9929    0.9919    0.9924       982
           5     0.9955    0.9843    0.9899       892
           6     0.9834    0.9916    0.9875       958
           7     0.9854    0.9864    0.9859      1028
           8     0.9907    0.9867    0.9887       974
           9     0.9949    0.9752    0.9850      1009

    accuracy                         0.9897     10000
   macro avg     0.9900    0.9895    0.9897     10000
weighted avg     0.9898    0.9897    0.9897     10000

Confusion Matrix:
[[ 975    1    0    0    0    0    3    1    0    0]
 [   0 1135    0    0    0    0    0    0    0    0]
 [   0    6 1024    0    0    0    0    2    0    0]
 [   0    1    1 1002    0    1    0    4    1    0]
 [   0    1    0    0  974    0    6    0    0    1]
 [   2    0    0    7    0  878    2    1    1    1]
 [   2    3    0    0    0    1  950    0    2    0]
 [   0    9    3    0    0    0    0 1014    1    1]
 [   2    2    2    0    0    0    4    1  961    2]
 [   0    4    1    0    7    2    1    6    4  984]]