Test accuracy: 0.9845
Test Loss: 0.9845
Total Training Time: 97.75875759124756
Classification Report:
              precision    recall  f1-score   support

           0     0.9829    0.9959    0.9894       980
           1     0.9869    0.9991    0.9930      1135
           2     0.9790    0.9922    0.9856      1032
           3     0.9813    0.9891    0.9852      1010
           4     0.9879    0.9939    0.9909       982
           5     0.9723    0.9832    0.9777       892
           6     0.9947    0.9823    0.9884       958
           7     0.9805    0.9767    0.9786      1028
           8     0.9845    0.9774    0.9809       974
           9     0.9948    0.9534    0.9737      1009

    accuracy                         0.9845     10000
   macro avg     0.9845    0.9843    0.9843     10000
weighted avg     0.9846    0.9845    0.9845     10000

Confusion Matrix:
[[ 976    1    0    0    0    0    1    1    1    0]
 [   0 1134    0    0    0    0    1    0    0    0]
 [   1    3 1024    1    0    0    0    3    0    0]
 [   1    0    3  999    0    2    0    4    1    0]
 [   1    0    1    0  976    0    1    1    1    1]
 [   2    0    0    7    0  877    1    1    1    3]
 [   6    3    0    0    1    7  941    0    0    0]
 [   1    3   15    3    0    0    0 1004    1    1]
 [   3    1    2    2    2    7    1    4  952    0]
 [   2    4    1    6    9    9    0    6   10  962]]