Test accuracy: 0.9871
Test Loss: 0.9871
Total Training Time: 99.68257212638855
Classification Report:
              precision    recall  f1-score   support

           0     0.9731    0.9959    0.9844       980
           1     0.9921    0.9947    0.9934      1135
           2     0.9808    0.9913    0.9860      1032
           3     0.9823    0.9901    0.9862      1010
           4     0.9919    0.9939    0.9929       982
           5     0.9888    0.9865    0.9877       892
           6     0.9947    0.9864    0.9906       958
           7     0.9863    0.9805    0.9834      1028
           8     0.9886    0.9815    0.9851       974
           9     0.9929    0.9693    0.9809      1009

    accuracy                         0.9871     10000
   macro avg     0.9872    0.9870    0.9871     10000
weighted avg     0.9872    0.9871    0.9871     10000

Confusion Matrix:
[[ 976    0    0    0    0    2    1    1    0    0]
 [   0 1129    3    1    0    0    1    1    0    0]
 [   2    2 1023    1    0    0    0    3    1    0]
 [   0    0    4 1000    0    3    0    0    3    0]
 [   1    0    0    0  976    0    1    0    1    3]
 [   2    0    0    7    0  880    1    1    1    0]
 [   9    2    0    0    1    1  945    0    0    0]
 [   1    2   11    4    0    0    0 1008    1    1]
 [   6    0    2    2    2    0    1    2  956    3]
 [   6    3    0    3    5    4    0    6    4  978]]