Test accuracy: 0.9890999794006348
Test Loss: 0.03381768614053726
Total Training Time: 63.03756761550903
Classification Report:
              precision    recall  f1-score   support

           0     0.9959    0.9959    0.9959       980
           1     0.9947    0.9930    0.9938      1135
           2     0.9941    0.9864    0.9903      1032
           3     0.9645    0.9960    0.9800      1010
           4     0.9918    0.9888    0.9903       982
           5     0.9897    0.9742    0.9819       892
           6     0.9948    0.9906    0.9927       958
           7     0.9826    0.9912    0.9869      1028
           8     0.9959    0.9887    0.9923       974
           9     0.9881    0.9841    0.9861      1009

    accuracy                         0.9891     10000
   macro avg     0.9892    0.9889    0.9890     10000
weighted avg     0.9892    0.9891    0.9891     10000

Confusion Matrix:
[[ 976    0    1    0    0    0    1    2    0    0]
 [   1 1127    0    4    0    0    1    2    0    0]
 [   0    1 1018    6    2    0    0    5    0    0]
 [   0    0    0 1006    0    2    0    1    1    0]
 [   0    0    0    2  971    0    0    1    0    8]
 [   0    0    0   17    0  869    3    1    0    2]
 [   1    2    0    1    2    2  949    0    1    0]
 [   0    2    4    1    0    0    0 1019    1    1]
 [   2    0    0    4    0    2    0    2  963    1]
 [   0    1    1    2    4    3    0    4    1  993]]