Test accuracy: 0.9894000291824341
Test Loss: 0.030208563432097435
Total Training Time: 118.57967448234558
Classification Report:
              precision    recall  f1-score   support

           0     0.9949    0.9939    0.9944       980
           1     0.9938    0.9938    0.9938      1135
           2     0.9951    0.9864    0.9908      1032
           3     0.9729    0.9950    0.9838      1010
           4     0.9949    0.9939    0.9944       982
           5     0.9758    0.9944    0.9850       892
           6     0.9979    0.9896    0.9937       958
           7     0.9873    0.9864    0.9869      1028
           8     0.9927    0.9836    0.9881       974
           9     0.9880    0.9772    0.9826      1009

    accuracy                         0.9894     10000
   macro avg     0.9893    0.9894    0.9893     10000
weighted avg     0.9895    0.9894    0.9894     10000

Confusion Matrix:
[[ 974    0    0    0    0    1    1    2    2    0]
 [   0 1128    1    4    0    0    0    1    0    1]
 [   0    1 1018    9    1    0    0    3    0    0]
 [   0    0    0 1005    0    5    0    0    0    0]
 [   0    0    0    0  976    0    0    0    0    6]
 [   0    0    0    5    0  887    0    0    0    0]
 [   3    2    0    1    1    3  948    0    0    0]
 [   0    3    4    4    0    0    0 1014    2    1]
 [   2    0    0    4    0    2    0    4  958    4]
 [   0    1    0    1    3   11    1    3    3  986]]